-100 1.15049e+09
-99.3311 1.12819e+09
-98.6622 1.10618e+09
-97.9933 1.08446e+09
-97.3244 1.06303e+09
-96.6555 1.04187e+09
-95.9866 1.021e+09
-95.3177 1.00041e+09
-94.6488 9.80094e+08
-93.9799 9.60055e+08
-93.311 9.40291e+08
-92.6421 9.20799e+08
-91.9732 9.01577e+08
-91.3043 8.82623e+08
-90.6355 8.63936e+08
-89.9666 8.45514e+08
-89.2977 8.27354e+08
-88.6288 8.09456e+08
-87.9599 7.91816e+08
-87.291 7.74433e+08
-86.6221 7.57306e+08
-85.9532 7.40432e+08
-85.2843 7.2381e+08
-84.6154 7.07437e+08
-83.9465 6.91312e+08
-83.2776 6.75433e+08
-82.6087 6.59797e+08
-81.9398 6.44404e+08
-81.2709 6.29251e+08
-80.602 6.14337e+08
-79.9331 5.99659e+08
-79.2642 5.85215e+08
-78.5953 5.71004e+08
-77.9264 5.57024e+08
-77.2575 5.43273e+08
-76.5886 5.29749e+08
-75.9197 5.1645e+08
-75.2508 5.03375e+08
-74.5819 4.9052e+08
-73.913 4.77886e+08
-73.2441 4.65469e+08
-72.5753 4.53268e+08
-71.9064 4.4128e+08
-71.2375 4.29505e+08
-70.5686 4.1794e+08
-69.8997 4.06583e+08
-69.2308 3.95432e+08
-68.5619 3.84486e+08
-67.893 3.73743e+08
-67.2241 3.632e+08
-66.5552 3.52856e+08
-65.8863 3.4271e+08
-65.2174 3.32758e+08
-64.5485 3.22999e+08
-63.8796 3.13432e+08
-63.2107 3.04054e+08
-62.5418 2.94864e+08
-61.8729 2.8586e+08
-61.204 2.77039e+08
-60.5351 2.684e+08
-59.8662 2.59942e+08
-59.1973 2.51661e+08
-58.5284 2.43557e+08
-57.8595 2.35627e+08
-57.1906 2.2787e+08
-56.5217 2.20284e+08
-55.8528 2.12866e+08
-55.1839 2.05615e+08
-54.5151 1.98529e+08
-53.8462 1.91606e+08
-53.1773 1.84845e+08
-52.5084 1.78243e+08
-51.8395 1.71798e+08
-51.1706 1.65509e+08
-50.5017 1.59374e+08
-49.8328 1.5339e+08
-49.1639 1.47557e+08
-48.495 1.41872e+08
-47.8261 1.36332e+08
-47.1572 1.30938e+08
-46.4883 1.25685e+08
-45.8194 1.20574e+08
-45.1505 1.15601e+08
-44.4816 1.10764e+08
-43.8127 1.06063e+08
-43.1438 1.01495e+08
-42.4749 9.70579e+07
-41.806 9.27501e+07
-41.1371 8.85698e+07
-40.4682 8.4515e+07
-39.7993 8.05839e+07
-39.1304 7.67746e+07
-38.4615 7.30851e+07
-37.7926 6.95137e+07
-37.1237 6.60584e+07
-36.4548 6.27174e+07
-35.786 5.94887e+07
-35.1171 5.63706e+07
-34.4482 5.33611e+07
-33.7793 5.04583e+07
-33.1104 4.76603e+07
-32.4415 4.49654e+07
-31.7726 4.23715e+07
-31.1037 3.98769e+07
-30.4348 3.74796e+07
-29.7659 3.51778e+07
-29.097 3.29696e+07
-28.4281 3.0853e+07
-27.7592 2.88263e+07
-27.0903 2.68875e+07
-26.4214 2.50348e+07
-25.7525 2.32662e+07
-25.0836 2.158e+07
-24.4147 1.99742e+07
-23.7458 1.84469e+07
-23.0769 1.69962e+07
-22.408 1.56204e+07
-21.7391 1.43175e+07
-21.0702 1.30855e+07
-20.4013 1.19228e+07
-19.7324 1.08273e+07
-19.0635 9.79712e+06
-18.3946 8.83048e+06
-17.7258 7.92547e+06
-17.0569 7.0802e+06
-16.388 6.29279e+06
-15.7191 5.56136e+06
-15.0502 4.88404e+06
-14.3813 4.25894e+06
-13.7124 3.68417e+06
-13.0435 3.15787e+06
-12.3746 2.67816e+06
-11.7057 2.24314e+06
-11.0368 1.85095e+06
-10.3679 1.4997e+06
-9.699 1.18751e+06
-9.0301 912505
-8.3612 672802
-7.69231 466522
-7.02341 291785
-6.35452 146710
-5.68562 29418.1
-5.01672 -61970.8
-4.34783 -129337
-3.67893 -174559
-3.01003 -199519
-2.34114 -206095
-1.67224 -196168
-1.00334 -171617
-0.334448 -134323
0.334448 -86165.7
1.00334 -29024.5
1.67224 35220.5
2.34114 104689
3.01003 177502
3.67893 251779
4.34783 325639
5.01672 397204
5.68562 464593
6.35452 525926
7.02341 579323
7.69231 622905
8.3612 654792
9.0301 673103
9.699 675958
10.3679 661479
11.0368 627784
11.7057 573909
12.3746 504013
13.0435 424035
13.7124 339917
14.3813 257598
15.0502 183020
15.7191 122125
16.388 80852.5
17.0569 65144.6
17.7258 80942
18.3946 134186
19.0635 230817
19.7324 376777
20.4013 578006
21.0702 840446
21.7391 1.17004e+06
22.408 1.57268e+06
23.0769 2.05002e+06
23.7458 2.59611e+06
24.4147 3.20418e+06
25.0836 3.86746e+06
25.7525 4.57919e+06
26.4214 5.33261e+06
27.0903 6.12095e+06
27.7592 6.93745e+06
28.4281 7.77535e+06
29.097 8.62789e+06
29.7659 9.4883e+06
30.4348 1.03498e+07
31.1037 1.12057e+07
31.7726 1.20491e+07
32.4415 1.28734e+07
33.1104 1.36717e+07
33.7793 1.44386e+07
34.4482 1.51839e+07
35.1171 1.59272e+07
35.786 1.66883e+07
36.4548 1.7487e+07
37.1237 1.83431e+07
37.7926 1.92764e+07
38.4615 2.03066e+07
39.1304 2.14535e+07
39.7993 2.2737e+07
40.4682 2.41768e+07
41.1371 2.57927e+07
41.806 2.76045e+07
42.4749 2.9632e+07
43.1438 3.18949e+07
43.8127 3.44131e+07
44.4816 3.72063e+07
45.1505 4.03007e+07
45.8194 4.37437e+07
46.4883 4.75872e+07
47.1572 5.18833e+07
47.8261 5.66839e+07
48.495 6.20409e+07
49.1639 6.80065e+07
49.8328 7.46325e+07
50.5017 8.19708e+07
51.1706 9.00736e+07
51.8395 9.89927e+07
52.5084 1.0878e+08
53.1773 1.19488e+08
53.8462 1.31168e+08
54.5151 1.43872e+08
55.1839 1.57653e+08
55.8528 1.05204e+08
56.5217 1.08784e+08
57.1906 1.12263e+08
57.8595 1.15709e+08
58.5284 1.19187e+08
59.1973 1.22765e+08
59.8662 1.26508e+08
60.5351 1.30484e+08
61.204 1.34759e+08
61.8729 1.39398e+08
62.5418 1.44469e+08
63.2107 1.50039e+08
63.8796 1.56172e+08
64.5485 1.62937e+08
65.2174 1.70399e+08
65.8863 1.78625e+08
66.5552 1.87681e+08
67.2241 1.98927e+08
67.893 2.09909e+08
68.5619 2.21607e+08
69.2308 2.33905e+08
69.8997 2.46684e+08
70.5686 2.59826e+08
71.2375 2.73214e+08
71.9064 2.86729e+08
72.5753 3.00255e+08
73.2441 3.13674e+08
73.913 3.26867e+08
74.5819 3.39717e+08
75.2508 3.52107e+08
75.9197 3.63918e+08
76.5886 3.75032e+08
77.2575 3.85333e+08
77.9264 3.94703e+08
78.5953 4.03107e+08
79.2642 4.10686e+08
79.9331 4.176e+08
80.602 4.24012e+08
81.2709 4.30083e+08
81.9398 4.35974e+08
82.6087 4.41848e+08
83.2776 4.47866e+08
83.9465 4.5419e+08
84.6154 4.6098e+08
85.2843 4.68399e+08
85.9532 4.76609e+08
86.6221 4.85771e+08
87.291 4.96046e+08
87.9599 5.07597e+08
88.6288 5.20584e+08
89.2977 6.02491e+08
89.9666 6.31258e+08
90.6355 6.63387e+08
91.3043 6.9912e+08
91.9732 7.38696e+08
92.6421 7.82358e+08
93.311 8.30344e+08
93.9799 8.82896e+08
94.6488 9.40256e+08
95.3177 1.00266e+09
95.9866 1.07036e+09
96.6555 1.14358e+09
97.3244 1.22257e+09
97.9933 1.30758e+09
98.6622 1.39883e+09
99.3311 1.49657e+09
100 1.60105e+09
