5.1 4746.69
5.10201 4692.36
5.10401 4637.92
5.10602 4583.37
5.10803 4528.72
5.11003 4473.97
5.11204 7083.61
5.11405 7124.21
5.11605 7165.57
5.11806 7207.62
5.12007 7250.33
5.12207 7293.62
5.12408 7337.45
5.12609 7381.75
5.12809 7426.46
5.1301 7471.54
5.13211 7516.93
5.13411 7562.56
5.13612 7608.38
5.13813 7654.34
5.14013 7700.38
5.14214 7746.43
5.14415 7792.45
5.14615 7838.38
5.14816 7884.15
5.15017 7929.72
5.15217 7975.03
5.15418 8020.02
5.15619 8064.63
5.15819 8108.8
5.1602 8152.49
5.16221 8195.63
5.16421 8238.16
5.16622 8280.03
5.16823 8321.19
5.17023 8361.57
5.17224 8401.12
5.17425 8439.78
5.17625 8477.49
5.17826 8514.21
5.18027 8549.86
5.18227 8584.4
5.18428 8617.77
5.18629 8649.91
5.18829 8680.76
5.1903 8710.27
5.19231 8738.38
5.19431 8765.04
5.19632 8790.18
5.19833 8813.75
5.20033 8835.7
5.20234 8855.96
5.20435 8874.48
5.20635 8891.2
5.20836 8906.07
5.21037 8919.03
5.21237 8930.02
5.21438 8938.99
5.21639 8945.88
5.21839 8950.63
5.2204 8953.18
5.22241 8311.23
5.22441 8316.38
5.22642 8320.43
5.22843 8323.37
5.23043 8325.18
5.23244 8325.85
5.23445 8325.37
5.23645 8323.71
5.23846 8320.87
5.24047 8316.83
5.24247 8311.57
5.24448 8305.07
5.24649 8297.33
5.24849 8288.33
5.2505 8278.05
5.25251 8266.47
5.25452 8253.59
5.25652 8239.38
5.25853 8223.84
5.26054 8206.94
5.26254 8188.67
5.26455 8169.02
5.26656 8147.96
5.26856 8125.5
5.27057 8101.6
5.27258 8076.26
5.27458 8049.45
5.27659 8021.18
5.2786 7991.41
5.2806 7960.13
5.28261 7927.33
5.28462 7893
5.28662 7857.12
5.28863 7819.66
5.29064 7780.63
5.29264 7740
5.29465 7697.76
5.29666 7653.88
5.29866 7608.37
5.30067 7561.2
5.30268 7512.35
5.30468 7461.82
5.30669 7409.58
5.3087 7355.62
5.3107 7299.93
5.31271 7242.49
5.31472 7183.28
5.31672 7122.3
5.31873 7059.52
5.32074 6994.93
5.32274 6928.51
5.32475 6860.26
5.32676 6790.14
5.32876 6718.16
5.33077 6644.29
5.33278 6568.52
5.33478 7937.57
5.33679 7969.73
5.3388 8005.3
5.3408 8044.39
5.34281 8087.13
5.34482 8133.66
5.34682 8184.09
5.34883 8238.56
5.35084 8297.18
5.35284 8360.09
5.35485 8427.41
5.35686 8499.27
5.35886 8575.8
5.36087 8657.12
5.36288 8743.35
5.36488 8834.63
5.36689 8931.09
5.3689 9032.84
5.3709 9140.01
5.37291 9252.73
5.37492 9371.13
5.37692 9495.34
5.37893 9625.47
5.38094 9761.66
5.38294 9904.04
5.38495 10052.7
5.38696 10207.8
5.38896 10369.5
5.39097 10537.9
5.39298 10713.1
5.39498 10895.2
5.39699 11084.4
5.399 11280.8
5.401 11484.5
5.40301 11695.7
5.40502 11914.4
5.40702 12140.8
5.40903 12375.1
5.41104 12617.3
5.41304 12867.6
5.41505 13126.1
5.41706 13392.9
5.41906 13668.2
5.42107 13952.1
5.42308 14244.7
5.42508 14546.1
5.42709 14856.5
5.4291 15176
5.4311 15504.7
5.43311 15842.8
5.43512 16190.3
5.43712 16547.4
5.43913 16914.2
5.44114 17290.9
5.44314 17677.6
5.44515 9355.26
5.44716 9371.66
5.44916 9388.42
5.45117 9405.54
5.45318 9423.04
5.45518 9440.93
5.45719 9459.21
5.4592 9477.9
5.4612 9497.01
5.46321 9516.55
5.46522 9536.53
5.46722 9556.96
5.46923 9577.86
5.47124 9599.22
5.47324 9621.08
5.47525 9643.43
5.47726 9666.29
5.47926 9689.66
5.48127 9713.56
5.48328 9738.01
5.48528 9763
5.48729 9788.56
5.4893 9814.69
5.4913 9841.4
5.49331 9868.71
5.49532 9896.62
5.49732 9925.15
5.49933 9954.3
5.50134 9984.1
5.50334 10014.5
5.50535 10045.6
5.50736 10077.4
5.50936 10109.9
5.51137 10143
5.51338 10176.9
5.51538 10211.5
5.51739 10246.8
5.5194 10282.8
5.5214 10319.6
5.52341 10357.1
5.52542 10395.4
5.52742 10434.5
5.52943 10474.4
5.53144 10515.1
5.53344 10556.6
5.53545 10598.9
5.53746 10642.1
5.53946 10686.1
5.54147 10731
5.54348 10776.7
5.54548 10823.3
5.54749 10870.8
5.5495 10919.3
5.55151 10968.6
5.55351 11018.8
5.55552 11070
5.55753 10085.8
5.55953 10110.3
5.56154 10135.4
5.56355 10161
5.56555 10187.2
5.56756 10214
5.56957 10241.3
5.57157 10269.3
5.57358 10297.9
5.57559 10327
5.57759 10356.8
5.5796 10387.3
5.58161 10418.4
5.58361 10450.1
5.58562 10482.5
5.58763 10515.6
5.58963 10549.4
5.59164 10583.9
5.59365 10619.1
5.59565 10655
5.59766 10691.7
5.59967 10729.1
5.60167 10767.2
5.60368 10806.1
5.60569 10845.8
5.60769 10886.3
5.6097 10927.6
5.61171 10969.7
5.61371 11012.6
5.61572 11056.3
5.61773 11100.9
5.61973 11146.3
5.62174 11192.6
5.62375 11239.7
5.62575 11287.7
5.62776 11336.7
5.62977 11386.5
5.63177 11437.2
5.63378 11488.9
5.63579 11541.5
5.63779 11595
5.6398 11649.5
5.64181 11705
5.64381 11761.4
5.64582 11818.8
5.64783 11877.2
5.64983 11936.7
5.65184 11997.1
5.65385 12058.6
5.65585 12121.1
5.65786 12184.7
5.65987 12249.3
5.66187 12315
5.66388 12381.8
5.66589 12449.7
5.66789 11419.3
5.6699 11464.4
5.67191 11510.3
5.67391 11557
5.67592 11604.6
5.67793 11653
5.67993 11702.3
5.68194 11752.5
5.68395 11803.5
5.68595 11855.5
5.68796 11908.3
5.68997 11962.1
5.69197 12016.8
5.69398 12072.4
5.69599 12129
5.69799 12186.5
5.7 12245
