1 -4.28763e+06
1.3311 -3.91571e+06
1.66221 -3.55686e+06
1.99331 -3.21083e+06
2.32441 -2.87739e+06
2.65552 -2.5563e+06
2.98662 -2.24733e+06
3.31773 -1.95026e+06
3.64883 -1.66483e+06
3.97993 -1.39082e+06
4.31104 -1.12799e+06
4.64214 -876103
4.97324 -634932
5.30435 -404239
5.63545 -183789
5.96656 26652.4
6.29766 227320
6.62876 418449
6.95987 600274
7.29097 773030
7.62207 936950
7.95318 1.09227e+06
8.28428 1.23923e+06
8.61538 1.37805e+06
8.94649 1.50898e+06
9.27759 1.63224e+06
9.6087 1.74808e+06
9.9398 1.85673e+06
10.2709 1.95842e+06
10.602 2.05339e+06
10.9331 2.14187e+06
11.2642 2.29412e+06
11.5953 2.37893e+06
11.9264 2.45873e+06
12.2575 2.53378e+06
12.5886 2.60438e+06
12.9197 2.67078e+06
13.2508 2.73328e+06
13.5819 2.79215e+06
13.913 2.84766e+06
14.2441 2.9001e+06
14.5753 2.94973e+06
14.9064 2.99684e+06
15.2375 3.04169e+06
15.5686 3.08458e+06
15.8997 3.12578e+06
16.2308 3.16555e+06
16.5619 3.20419e+06
16.893 3.24196e+06
17.2241 3.27914e+06
17.5552 3.31602e+06
17.8863 3.35286e+06
18.2174 3.38994e+06
18.5485 3.42754e+06
18.8796 3.46594e+06
19.2107 3.50541e+06
19.5418 3.54624e+06
19.8729 3.58869e+06
20.204 3.63304e+06
20.5351 3.67957e+06
20.8662 3.72857e+06
21.1973 3.78029e+06
21.5284 3.83503e+06
21.8595 3.89305e+06
22.1906 3.95464e+06
22.5217 4.09381e+06
22.8528 4.1723e+06
23.1839 4.25597e+06
23.5151 4.34514e+06
23.8462 4.44013e+06
24.1773 4.54125e+06
24.5084 4.64884e+06
24.8395 4.76319e+06
25.1706 4.88465e+06
25.5017 5.01352e+06
25.8328 5.15012e+06
26.1639 5.29477e+06
26.495 5.4478e+06
26.8261 5.60951e+06
27.1572 5.78023e+06
27.4883 5.96028e+06
27.8194 6.14997e+06
28.1505 6.34963e+06
28.4816 6.55957e+06
28.8127 6.78012e+06
29.1438 7.01159e+06
29.4749 7.2543e+06
29.806 7.50856e+06
30.1371 7.77471e+06
30.4682 8.05305e+06
30.7993 8.34391e+06
31.1304 8.64761e+06
31.4615 8.96446e+06
31.7926 9.29478e+06
32.1237 9.63889e+06
32.4548 9.99711e+06
32.786 1.03698e+07
33.1171 1.07572e+07
33.4482 1.12287e+07
33.7793 1.16551e+07
34.1104 1.20979e+07
34.4415 1.25576e+07
34.7726 1.30345e+07
35.1037 1.35289e+07
35.4348 1.40412e+07
35.7659 1.45718e+07
36.097 1.5121e+07
36.4281 1.56892e+07
36.7592 1.62768e+07
37.0903 1.68841e+07
37.4214 1.75115e+07
37.7525 1.81593e+07
38.0836 1.88279e+07
38.4147 1.95177e+07
38.7458 2.0229e+07
39.0769 2.09622e+07
39.408 2.17176e+07
39.7391 2.24957e+07
40.0702 2.32967e+07
40.4013 2.4121e+07
40.7324 2.4969e+07
41.0635 2.58411e+07
41.3946 2.67375e+07
41.7258 2.76588e+07
42.0569 2.86052e+07
42.388 2.9577e+07
42.7191 3.05747e+07
43.0502 3.15987e+07
43.3813 3.26492e+07
43.7124 3.37267e+07
44.0435 3.48314e+07
44.3746 3.59638e+07
44.7057 3.7197e+07
45.0368 3.83947e+07
45.3679 3.96218e+07
45.699 4.08789e+07
46.0301 4.21664e+07
46.3612 4.34846e+07
46.6923 4.48339e+07
47.0234 4.62147e+07
47.3545 4.76275e+07
47.6856 4.90727e+07
48.0167 5.05505e+07
48.3478 5.20616e+07
48.6789 5.36062e+07
49.01 5.51847e+07
49.3411 5.67976e+07
49.6722 5.84453e+07
50.0033 6.01282e+07
50.3344 6.18466e+07
50.6656 6.3601e+07
50.9967 6.53917e+07
51.3278 6.72193e+07
51.6589 6.9084e+07
51.99 7.09863e+07
52.3211 7.29266e+07
52.6522 7.49053e+07
52.9833 7.69228e+07
53.3144 7.89795e+07
53.6455 8.10758e+07
53.9766 8.32121e+07
54.3077 8.53888e+07
54.6388 8.76063e+07
54.9699 8.9865e+07
55.301 9.21653e+07
55.6321 9.45758e+07
55.9632 9.69691e+07
56.2943 9.94059e+07
56.6254 1.01887e+08
56.9565 1.04412e+08
57.2876 1.06982e+08
57.6187 1.09598e+08
57.9498 1.12259e+08
58.2809 1.14967e+08
58.612 1.17721e+08
58.9431 1.20523e+08
59.2742 1.23372e+08
59.6054 1.26269e+08
59.9365 1.29215e+08
60.2676 1.32209e+08
60.5987 1.35253e+08
60.9298 1.38347e+08
61.2609 1.41491e+08
61.592 1.44685e+08
61.9231 1.47931e+08
62.2542 1.51229e+08
62.5853 1.54578e+08
62.9164 1.5798e+08
63.2475 1.61435e+08
63.5786 1.64943e+08
63.9097 1.68506e+08
64.2408 1.72122e+08
64.5719 1.75793e+08
64.903 1.79519e+08
65.2341 1.83301e+08
65.5652 1.87139e+08
65.8963 1.91034e+08
66.2274 1.94985e+08
66.5585 1.98994e+08
66.8896 2.03132e+08
67.2207 2.07266e+08
67.5518 2.11459e+08
67.8829 2.15712e+08
68.214 2.20025e+08
68.5452 2.244e+08
68.8763 2.28836e+08
69.2074 2.33334e+08
69.5385 2.37894e+08
69.8696 2.42517e+08
70.2007 2.47204e+08
70.5318 2.51955e+08
70.8629 2.56769e+08
71.194 2.61649e+08
71.5251 2.66594e+08
71.8562 2.71605e+08
72.1873 2.76682e+08
72.5184 2.81826e+08
72.8495 2.87038e+08
73.1806 2.92317e+08
73.5117 2.97664e+08
73.8428 3.03081e+08
74.1739 3.08566e+08
74.505 3.14121e+08
74.8361 3.19746e+08
75.1672 3.25443e+08
75.4983 3.3121e+08
75.8294 3.37049e+08
76.1605 3.4296e+08
76.4916 3.48944e+08
76.8227 3.55e+08
77.1538 3.61131e+08
77.4849 3.67336e+08
77.8161 3.73682e+08
78.1472 3.80045e+08
78.4783 3.86484e+08
78.8094 3.93e+08
79.1405 3.99593e+08
79.4716 4.06264e+08
79.8027 4.13014e+08
80.1338 4.19843e+08
80.4649 4.26751e+08
80.796 4.33739e+08
81.1271 4.40808e+08
81.4582 4.47957e+08
81.7893 4.55189e+08
82.1204 4.62503e+08
82.4515 4.69899e+08
82.7826 4.77378e+08
83.1137 4.84942e+08
83.4448 4.92589e+08
83.7759 5.00322e+08
84.107 5.08139e+08
84.4381 5.16043e+08
84.7692 5.24033e+08
85.1003 5.3211e+08
85.4314 5.40274e+08
85.7625 5.48526e+08
86.0936 5.56867e+08
86.4247 5.65297e+08
86.7559 5.73816e+08
87.087 5.82426e+08
87.4181 5.91126e+08
87.7492 5.99917e+08
88.0803 6.088e+08
88.4114 6.17775e+08
88.7425 6.26843e+08
89.0736 6.36075e+08
89.4047 6.45339e+08
89.7358 6.54698e+08
90.0669 6.64152e+08
90.398 6.73703e+08
90.7291 6.83351e+08
91.0602 6.93096e+08
91.3913 7.02938e+08
91.7224 7.1288e+08
92.0535 7.2292e+08
92.3846 7.33061e+08
92.7157 7.43301e+08
93.0468 7.53642e+08
93.3779 7.64085e+08
93.709 7.7463e+08
94.0401 7.85277e+08
94.3712 7.96027e+08
94.7023 8.06881e+08
95.0334 8.17839e+08
95.3645 8.28902e+08
95.6957 8.40071e+08
96.0268 8.51345e+08
96.3579 8.62726e+08
96.689 8.74214e+08
97.0201 8.8581e+08
97.3512 8.97514e+08
97.6823 9.09326e+08
98.0134 9.21248e+08
98.3445 9.33281e+08
98.6756 9.45423e+08
99.0067 9.57677e+08
99.3378 9.70042e+08
99.6689 9.8252e+08
100 9.95111e+08
