5 -nan
5.00334 -nan
5.00669 -nan
5.01003 -nan
5.01338 -nan
5.01672 -nan
5.02007 -nan
5.02341 -nan
5.02676 -nan
5.0301 -nan
5.03344 -nan
5.03679 -nan
5.04013 -nan
5.04348 -nan
5.04682 -nan
5.05017 -nan
5.05351 -nan
5.05686 -nan
5.0602 -nan
5.06355 -nan
5.06689 -nan
5.07023 -nan
5.07358 -nan
5.07692 -nan
5.08027 -nan
5.08361 -nan
5.08696 -nan
5.0903 -nan
5.09365 -nan
5.09699 -nan
5.10033 -nan
5.10368 -nan
5.10702 -nan
5.11037 -nan
5.11371 -nan
5.11706 -nan
5.1204 -nan
5.12375 -nan
5.12709 -nan
5.13043 -nan
5.13378 -nan
5.13712 -nan
5.14047 -nan
5.14381 -nan
5.14716 -nan
5.1505 -nan
5.15385 -nan
5.15719 -nan
5.16054 -nan
5.16388 -nan
5.16722 -nan
5.17057 -nan
5.17391 -nan
5.17726 -nan
5.1806 -nan
5.18395 -nan
5.18729 -nan
5.19064 -nan
5.19398 -nan
5.19732 -nan
5.20067 -nan
5.20401 -nan
5.20736 -nan
5.2107 -nan
5.21405 -nan
5.21739 -nan
5.22074 -nan
5.22408 -nan
5.22742 -nan
5.23077 -nan
5.23411 -nan
5.23746 -nan
5.2408 -nan
5.24415 -nan
5.24749 -nan
5.25084 -nan
5.25418 -nan
5.25753 -nan
5.26087 -nan
5.26421 -nan
5.26756 -nan
5.2709 -nan
5.27425 -nan
5.27759 -nan
5.28094 -nan
5.28428 -nan
5.28763 -nan
5.29097 -nan
5.29431 -nan
5.29766 -nan
5.301 -nan
5.30435 -nan
5.30769 -nan
5.31104 -nan
5.31438 -nan
5.31773 -nan
5.32107 -nan
5.32441 -nan
5.32776 -nan
5.3311 -nan
5.33445 9052.48
5.33779 9078.87
5.34114 9105.05
5.34448 9131.02
5.34783 9156.78
5.35117 9182.32
5.35452 9207.63
5.35786 9232.72
5.3612 9257.58
5.36455 9282.2
5.36789 9306.59
5.37124 9330.73
5.37458 9354.62
5.37793 9378.25
5.38127 9401.64
5.38462 9424.76
5.38796 9447.61
5.3913 9470.2
5.39465 9492.51
5.39799 9514.54
5.40134 9536.3
5.40468 9557.76
5.40803 9578.94
5.41137 9599.82
5.41472 9620.4
5.41806 9640.68
5.4214 9660.65
5.42475 9680.31
5.42809 9699.65
5.43144 9718.68
5.43478 9737.38
5.43813 9755.75
5.44147 9773.78
5.44482 9791.49
5.44816 9808.85
5.45151 9825.86
5.45485 9842.52
5.45819 9858.83
5.46154 9874.79
5.46488 9890.38
5.46823 9905.6
5.47157 9920.45
5.47492 9934.93
5.47826 9949.03
5.48161 9962.75
5.48495 9976.07
5.48829 9989.01
5.49164 10001.5
5.49498 10013.7
5.49833 10025.4
5.50167 10036.7
5.50502 10047.7
5.50836 10058.2
5.51171 10068.2
5.51505 10077.9
5.51839 10087.1
5.52174 10095.9
5.52508 10104.2
5.52843 10112.1
5.53177 10119.6
5.53512 10126.6
5.53846 10133.1
5.54181 10139.2
5.54515 10144.8
5.54849 10150
5.55184 10154.7
5.55518 10158.9
5.55853 10162.6
5.56187 10165.9
5.56522 10168.6
5.56856 10170.9
5.57191 10172.7
5.57525 10173.9
5.5786 10174.7
5.58194 10174.9
5.58528 10174.6
5.58863 10173.9
5.59197 10172.5
5.59532 10170.7
5.59866 10168.3
5.60201 10165.4
5.60535 10162
5.6087 10158
5.61204 10153.5
5.61538 10148.4
5.61873 10142.7
5.62207 10136.5
5.62542 10129.8
5.62876 10122.4
5.63211 10114.5
5.63545 10106
5.6388 10096.9
5.64214 10087.3
5.64548 10077
5.64883 10066.2
5.65217 10054.7
5.65552 10042.7
5.65886 10030
5.66221 10016.7
5.66555 10002.9
5.6689 9988.35
5.67224 9973.22
5.67559 9957.46
5.67893 9941.07
5.68227 9924.05
5.68562 9906.38
5.68896 9888.06
5.69231 9869.1
5.69565 9849.48
5.699 9829.21
5.70234 9808.27
5.70569 9786.66
5.70903 9764.39
5.71237 9741.43
5.71572 9717.8
5.71906 9693.49
5.72241 9668.49
5.72575 9642.79
5.7291 9616.4
5.73244 9589.31
5.73579 9561.52
5.73913 9533.02
5.74247 9503.8
5.74582 9473.86
5.74916 9443.21
5.75251 9411.83
5.75585 9379.71
5.7592 9346.87
5.76254 9313.28
5.76589 9278.96
5.76923 9243.88
5.77258 9208.06
5.77592 9171.48
5.77926 9134.14
5.78261 9096.03
5.78595 9057.16
5.7893 9017.52
5.79264 8977.1
5.79599 8935.89
5.79933 8893.91
5.80268 8851.13
5.80602 8807.56
5.80936 8763.2
5.81271 8718.03
5.81605 8672.05
5.8194 8625.27
5.82274 8577.67
5.82609 8529.25
5.82943 8480.01
5.83278 8429.94
5.83612 8379.04
5.83946 8327.3
5.84281 8274.73
5.84615 8221.31
5.8495 8167.04
5.85284 8111.92
5.85619 8055.94
5.85953 7999.11
5.86288 7941.4
5.86622 7882.83
5.86957 7823.38
5.87291 7763.06
5.87625 7701.85
5.8796 7639.76
5.88294 7576.77
5.88629 7512.89
5.88963 7448.12
5.89298 7382.44
5.89632 7315.85
5.89967 7248.35
5.90301 7179.93
5.90635 7110.59
5.9097 7040.33
5.91304 6969.14
5.91639 6897.02
5.91973 6823.96
5.92308 6749.96
5.92642 6675.02
5.92977 6599.12
5.93311 6522.27
5.93645 6444.46
5.9398 6365.69
5.94314 6285.95
5.94649 6205.24
5.94983 6123.56
5.95318 6040.9
5.95652 5957.25
5.95987 5872.62
5.96321 5786.99
5.96656 5700.37
5.9699 5612.75
5.97324 5524.12
5.97659 5434.48
5.97993 5343.83
5.98328 5252.17
5.98662 5159.48
5.98997 5065.76
5.99331 4971.02
5.99666 4875.24
6 4778.42
