5.1 7789.45
5.10268 7927.65
5.10535 8072.54
5.10803 8224.11
5.1107 8382.39
5.11338 8547.39
5.11605 8719.1
5.11873 8897.55
5.1214 9082.74
5.12408 9274.68
5.12676 9473.39
5.12943 9678.87
5.13211 9891.13
5.13478 10110.2
5.13746 10336
5.14013 10568.7
5.14281 10808.2
5.14548 11054.5
5.14816 11307.7
5.15084 11567.7
5.15351 11834.6
5.15619 12108.4
5.15886 12389
5.16154 12676.6
5.16421 12971
5.16689 7588.97
5.16957 7598.61
5.17224 7608.87
5.17492 7620.03
5.17759 7632.35
5.18027 7646.12
5.18294 7661.6
5.18562 7679.08
5.18829 7698.83
5.19097 7721.11
5.19365 7746.22
5.19632 7774.41
5.199 7805.98
5.20167 7841.18
5.20435 7880.3
5.20702 7923.61
5.2097 7971.39
5.21237 8023.91
5.21505 8081.44
5.21773 8144.26
5.2204 8212.64
5.22308 8286.87
5.22575 8367.21
5.22843 8453.94
5.2311 8547.33
5.23378 8647.66
5.23645 8755.2
5.23913 8870.23
5.24181 8993.03
5.24448 9123.86
5.24716 9263
5.24983 9410.73
5.25251 9567.32
5.25518 9733.05
5.25786 9908.19
5.26054 10093
5.26321 10287.8
5.26589 10492.8
5.26856 10708.3
5.27124 10934.7
5.27391 11172
5.27659 11420.7
5.27926 11681.1
5.28194 11953.3
5.28462 12237.6
5.28729 12534.4
5.28997 12843.9
5.29264 13166.4
5.29532 13502.1
5.29799 13851.4
5.30067 14214.5
5.30334 14591.7
5.30602 14983.2
5.3087 15389.3
5.31137 15810.4
5.31405 16246.6
5.31672 16698.3
5.3194 17165.7
5.32207 17649.2
5.32475 18148.9
5.32742 18665.1
5.3301 19198.2
5.33278 19748.4
5.33545 8256.61
5.33813 8319.43
5.3408 8383.91
5.34348 8449.8
5.34615 8516.85
5.34883 8584.81
5.35151 8653.42
5.35418 8722.43
5.35686 8791.59
5.35953 8860.65
5.36221 8929.35
5.36488 8997.44
5.36756 9064.66
5.37023 9130.77
5.37291 9195.52
5.37559 9258.64
5.37826 9319.89
5.38094 9379.01
5.38361 9435.75
5.38629 9489.86
5.38896 9541.08
5.39164 9589.17
5.39431 9633.87
5.39699 9674.92
5.39967 9712.07
5.40234 9745.08
5.40502 9773.69
5.40769 9797.64
5.41037 9816.69
5.41304 9830.57
5.41572 9839.04
5.41839 9841.85
5.42107 9838.74
5.42375 9829.45
5.42642 9813.75
5.4291 9791.37
5.43177 9762.05
5.43445 9725.56
5.43712 9681.63
5.4398 9630.01
5.44247 9570.45
5.44515 9502.7
5.44783 9426.51
5.4505 9341.61
5.45318 9247.76
5.45585 9144.71
5.45853 9032.21
5.4612 8909.99
5.46388 8777.81
5.46656 8635.41
5.46923 8482.55
5.47191 8318.96
5.47458 8144.4
5.47726 7958.62
5.47993 7761.35
5.48261 7552.35
5.48528 7331.37
5.48796 7098.15
5.49064 6852.44
5.49331 6593.99
5.49599 6322.54
5.49866 6037.84
5.50134 9593.85
5.50401 9583.11
5.50669 9572.3
5.50936 9561.9
5.51204 9552.38
5.51472 9544.18
5.51739 9537.79
5.52007 9533.66
5.52274 9532.26
5.52542 9534.06
5.52809 9539.52
5.53077 9549.1
5.53344 9563.28
5.53612 9582.51
5.5388 9607.26
5.54147 9638
5.54415 9675.2
5.54682 9719.31
5.5495 9770.8
5.55217 9830.14
5.55485 9897.79
5.55753 9974.22
5.5602 10059.9
5.56288 10155.3
5.56555 10260.8
5.56823 10377
5.5709 10504.3
5.57358 10643.2
5.57625 10794.1
5.57893 10957.5
5.58161 11133.8
5.58428 11323.6
5.58696 11527.3
5.58963 11745.3
5.59231 11978.2
5.59498 12226.4
5.59766 12490.3
5.60033 12770.4
5.60301 13067.2
5.60569 13381.2
5.60836 13712.8
5.61104 14062.4
5.61371 14430.6
5.61639 14817.9
5.61906 15224.6
5.62174 15651.2
5.62441 16098.2
5.62709 16566.1
5.62977 17055.4
5.63244 17566.5
5.63512 18099.8
5.63779 18655.8
5.64047 19235.1
5.64314 19838
5.64582 20465
5.64849 21116.7
5.65117 21793.3
5.65385 22495.6
5.65652 23223.8
5.6592 23978.4
5.66187 24760
5.66455 25568.9
5.66722 11575.9
5.6699 11663.8
5.67258 11746.1
5.67525 11822.1
5.67793 11890.9
5.6806 11951.7
5.68328 12003.6
5.68595 12045.8
5.68863 12077.4
5.6913 12097.6
5.69398 12105.5
5.69666 12100.3
5.69933 12081.1
5.70201 12047.1
5.70468 11997.4
5.70736 11931.2
5.71003 11847.6
5.71271 11745.9
5.71538 11625
5.71806 11484.3
5.72074 11322.8
5.72341 11139.7
5.72609 10934.2
5.72876 10705.3
5.73144 10452.3
5.73411 10174.4
5.73679 9870.53
5.73946 9540.01
5.74214 9181.95
5.74482 8795.5
5.74749 8379.81
5.75017 7934.04
5.75284 7457.34
5.75552 6948.86
5.75819 6407.76
5.76087 5833.17
5.76355 5224.26
5.76622 4580.18
5.7689 3900.08
5.77157 3183.11
5.77425 2428.43
5.77692 1635.18
5.7796 802.514
5.78227 -70.4085
5.78495 -984.44
5.78763 -1940.43
5.7903 -2939.22
5.79298 -3981.67
5.79565 -5068.61
5.79833 -6200.91
5.801 -7379.4
5.80368 -8604.94
5.80635 -9878.37
5.80903 -11200.5
5.81171 -12572.3
5.81438 -13994.5
5.81706 -15468
5.81973 -16993.6
5.82241 -18572.2
5.82508 -20204.6
5.82776 -21891.7
5.83043 -23634.4
5.83311 -25433.4
5.83579 13415.2
5.83846 13516.9
5.84114 13612.5
5.84381 13701.5
5.84649 13783.1
5.84916 13856.6
5.85184 13921.3
5.85452 13976.6
5.85719 14021.6
5.85987 14055.7
5.86254 14078.2
5.86522 14088.4
5.86789 14085.6
5.87057 14069
5.87324 14038
5.87592 13991.9
5.8786 13929.9
5.88127 13851.4
5.88395 13755.7
5.88662 13642
5.8893 13509.6
5.89197 13357.9
5.89465 13186.1
5.89732 12993.5
5.9 12779.5
