5.1 -nan
5.10201 -nan
5.10401 -nan
5.10602 -nan
5.10803 -nan
5.11003 -nan
5.11204 -nan
5.11405 -nan
5.11605 -nan
5.11806 -nan
5.12007 -nan
5.12207 -nan
5.12408 -nan
5.12609 -nan
5.12809 -nan
5.1301 -nan
5.13211 -nan
5.13411 -nan
5.13612 -nan
5.13813 -nan
5.14013 -nan
5.14214 -nan
5.14415 -nan
5.14615 -nan
5.14816 -nan
5.15017 -nan
5.15217 -nan
5.15418 -nan
5.15619 -nan
5.15819 -nan
5.1602 -nan
5.16221 -nan
5.16421 -nan
5.16622 -nan
5.16823 -nan
5.17023 -nan
5.17224 -nan
5.17425 -nan
5.17625 -nan
5.17826 -nan
5.18027 -nan
5.18227 -nan
5.18428 -nan
5.18629 -nan
5.18829 -nan
5.1903 -nan
5.19231 -nan
5.19431 -nan
5.19632 -nan
5.19833 -nan
5.20033 -nan
5.20234 -nan
5.20435 -nan
5.20635 -nan
5.20836 -nan
5.21037 -nan
5.21237 -nan
5.21438 -nan
5.21639 -nan
5.21839 -nan
5.2204 -nan
5.22241 -nan
5.22441 -nan
5.22642 -nan
5.22843 -nan
5.23043 -nan
5.23244 -nan
5.23445 -nan
5.23645 -nan
5.23846 -nan
5.24047 -nan
5.24247 -nan
5.24448 -nan
5.24649 -nan
5.24849 -nan
5.2505 -nan
5.25251 -nan
5.25452 -nan
5.25652 -nan
5.25853 -nan
5.26054 -nan
5.26254 -nan
5.26455 -nan
5.26656 -nan
5.26856 -nan
5.27057 -nan
5.27258 -nan
5.27458 -nan
5.27659 -nan
5.2786 -nan
5.2806 -nan
5.28261 -nan
5.28462 -nan
5.28662 -nan
5.28863 -nan
5.29064 -nan
5.29264 -nan
5.29465 -nan
5.29666 -nan
5.29866 -nan
5.30067 -nan
5.30268 -nan
5.30468 -nan
5.30669 -nan
5.3087 -nan
5.3107 -nan
5.31271 -nan
5.31472 -nan
5.31672 -nan
5.31873 -nan
5.32074 -nan
5.32274 -nan
5.32475 -nan
5.32676 -nan
5.32876 -nan
5.33077 -nan
5.33278 -nan
5.33478 9055.12
5.33679 9070.97
5.3388 9086.74
5.3408 9102.44
5.34281 9118.06
5.34482 9133.61
5.34682 9149.07
5.34883 9164.46
5.35084 9179.77
5.35284 9195
5.35485 9210.15
5.35686 9225.22
5.35886 9240.21
5.36087 9255.11
5.36288 9269.92
5.36488 9284.65
5.36689 9299.3
5.3689 9313.85
5.3709 9328.32
5.37291 9342.7
5.37492 9356.99
5.37692 9371.19
5.37893 9385.3
5.38094 9399.31
5.38294 9413.23
5.38495 9427.05
5.38696 9440.78
5.38896 9454.42
5.39097 9467.95
5.39298 9481.39
5.39498 9494.73
5.39699 9507.96
5.399 9521.1
5.401 9534.13
5.40301 9547.07
5.40502 9559.89
5.40702 9572.62
5.40903 9585.23
5.41104 9597.74
5.41304 9610.15
5.41505 9622.44
5.41706 9634.63
5.41906 9646.7
5.42107 9658.67
5.42308 9670.52
5.42508 9682.26
5.42709 9693.88
5.4291 9705.39
5.4311 9716.79
5.43311 9728.07
5.43512 9739.23
5.43712 9750.27
5.43913 9761.19
5.44114 9772
5.44314 9782.68
5.44515 9793.24
5.44716 9803.67
5.44916 9813.99
5.45117 9824.17
5.45318 9834.24
5.45518 9844.17
5.45719 9853.98
5.4592 9863.66
5.4612 9873.21
5.46321 9882.63
5.46522 9891.92
5.46722 9901.07
5.46923 9910.1
5.47124 9918.99
5.47324 9927.74
5.47525 9936.36
5.47726 9944.84
5.47926 9953.19
5.48127 9961.39
5.48328 9969.46
5.48528 9977.38
5.48729 9985.17
5.4893 9992.81
5.4913 10000.3
5.49331 10007.7
5.49532 10014.9
5.49732 10021.9
5.49933 10028.9
5.50134 10035.6
5.50334 10042.3
5.50535 10048.7
5.50736 10055
5.50936 10061.2
5.51137 10067.2
5.51338 10073.1
5.51538 10078.8
5.51739 10084.4
5.5194 10089.8
5.5214 10095
5.52341 10100.1
5.52542 10105
5.52742 10109.8
5.52943 10114.4
5.53144 10118.9
5.53344 10123.1
5.53545 10127.3
5.53746 10131.2
5.53946 10135
5.54147 10138.6
5.54348 10142.1
5.54548 10145.4
5.54749 10148.5
5.5495 10151.5
5.55151 10154.2
5.55351 10156.9
5.55552 10159.3
5.55753 10161.6
5.55953 10163.7
5.56154 10165.6
5.56355 10167.3
5.56555 10168.9
5.56756 10170.3
5.56957 10171.5
5.57157 10172.5
5.57358 10173.3
5.57559 10174
5.57759 10174.5
5.5796 10174.8
5.58161 10174.9
5.58361 10174.8
5.58562 10174.6
5.58763 10174.2
5.58963 10173.5
5.59164 10172.7
5.59365 10171.7
5.59565 10170.5
5.59766 10169.1
5.59967 10167.5
5.60167 10165.8
5.60368 10163.8
5.60569 10161.6
5.60769 10159.3
5.6097 10156.7
5.61171 10153.9
5.61371 10151
5.61572 10147.8
5.61773 10144.5
5.61973 10140.9
5.62174 10137.2
5.62375 10133.2
5.62575 10129
5.62776 10124.7
5.62977 10120.1
5.63177 10115.3
5.63378 10110.3
5.63579 10105.1
5.63779 10099.7
5.6398 10094.1
5.64181 10088.3
5.64381 10082.2
5.64582 10076
5.64783 10069.5
5.64983 10062.8
5.65184 10055.9
5.65385 10048.8
5.65585 10041.4
5.65786 10033.9
5.65987 10026.1
5.66187 10018.1
5.66388 10009.9
5.66589 10001.4
5.66789 9992.77
5.6699 9983.88
5.67191 9974.76
5.67391 9965.42
5.67592 9955.85
5.67793 9946.06
5.67993 9936.03
5.68194 9925.78
5.68395 9915.29
5.68595 9904.58
5.68796 9893.63
5.68997 9882.44
5.69197 9871.03
5.69398 9859.37
5.69599 9847.48
5.69799 9835.36
5.7 9822.99
