5 6822.9
5.00334 6840.45
5.00669 6858.09
5.01003 6875.81
5.01338 6893.63
5.01672 6911.53
5.02007 6929.53
5.02341 6947.61
5.02676 6965.78
5.0301 6984.04
5.03344 7002.39
5.03679 7020.83
5.04013 7039.36
5.04348 7057.97
5.04682 7076.67
5.05017 7095.46
5.05351 7114.33
5.05686 7133.29
5.0602 7152.34
5.06355 7171.47
5.06689 7190.69
5.07023 7210
5.07358 7229.39
5.07692 7248.87
5.08027 7268.43
5.08361 7288.08
5.08696 7307.81
5.0903 7327.63
5.09365 7347.53
5.09699 7367.52
5.10033 7387.59
5.10368 7407.74
5.10702 7427.98
5.11037 7448.3
5.11371 7468.7
5.11706 7489.19
5.1204 7509.76
5.12375 7530.41
5.12709 7551.14
5.13043 7571.96
5.13378 7592.86
5.13712 7613.84
5.14047 7634.9
5.14381 7656.04
5.14716 7677.26
5.1505 7698.57
5.15385 7719.95
5.15719 7741.42
5.16054 7762.96
5.16388 7784.59
5.16722 7806.29
5.17057 7828.07
5.17391 7849.94
5.17726 7871.88
5.1806 7893.9
5.18395 7916
5.18729 7938.18
5.19064 7960.44
5.19398 7982.77
5.19732 8005.18
5.20067 8027.67
5.20401 8050.24
5.20736 8072.89
5.2107 8095.61
5.21405 8118.4
5.21739 8141.28
5.22074 8164.23
5.22408 8187.26
5.22742 8210.36
5.23077 8233.54
5.23411 8256.79
5.23746 8280.12
5.2408 8303.52
5.24415 8327
5.24749 8350.56
5.25084 8374.18
5.25418 8397.89
5.25753 8421.66
5.26087 8445.51
5.26421 8469.43
5.26756 8493.43
5.2709 8517.5
5.27425 8541.64
5.27759 8565.86
5.28094 8590.14
5.28428 8614.5
5.28763 8638.93
5.29097 8663.44
5.29431 8688.01
5.29766 8712.66
5.301 8737.37
5.30435 8762.16
5.30769 8787.02
5.31104 8811.95
5.31438 8836.95
5.31773 8862.02
5.32107 8887.16
5.32441 8912.37
5.32776 8937.64
5.3311 8962.99
5.33445 8904.15
5.33779 8927.93
5.34114 8951.76
5.34448 8975.63
5.34783 8999.54
5.35117 9023.49
5.35452 9047.49
5.35786 9071.52
5.3612 9095.6
5.36455 9119.71
5.36789 9143.87
5.37124 9168.06
5.37458 9192.29
5.37793 9216.56
5.38127 9240.86
5.38462 9265.21
5.38796 9289.59
5.3913 9314
5.39465 9338.45
5.39799 9362.94
5.40134 9387.46
5.40468 9412.01
5.40803 9436.6
5.41137 9461.22
5.41472 9485.87
5.41806 9510.56
5.4214 9535.28
5.42475 9560.02
5.42809 9584.8
5.43144 9609.61
5.43478 9634.45
5.43813 9659.32
5.44147 9684.22
5.44482 9709.14
5.44816 9734.1
5.45151 9759.08
5.45485 9784.09
5.45819 9809.12
5.46154 9834.18
5.46488 9859.27
5.46823 9884.38
5.47157 9909.52
5.47492 9934.68
5.47826 9959.86
5.48161 9985.07
5.48495 10010.3
5.48829 10035.6
5.49164 10060.8
5.49498 10086.1
5.49833 10111.4
5.50167 10136.8
5.50502 10162.1
5.50836 10187.5
5.51171 10212.9
5.51505 10238.3
5.51839 10263.8
5.52174 10289.2
5.52508 10314.7
5.52843 10340.2
5.53177 10365.7
5.53512 10391.2
5.53846 10416.7
5.54181 10442.3
5.54515 10467.8
5.54849 10493.4
5.55184 10519
5.55518 10544.6
5.55853 10570.2
5.56187 10595.8
5.56522 10621.5
5.56856 10647.1
5.57191 10672.8
5.57525 10698.4
5.5786 10724.1
5.58194 10749.8
5.58528 10775.5
5.58863 10801.2
5.59197 10826.9
5.59532 10852.6
5.59866 10878.4
5.60201 10904.1
5.60535 10929.8
5.6087 10955.6
5.61204 10981.3
5.61538 11007.1
5.61873 11032.8
5.62207 11058.6
5.62542 11084.4
5.62876 11110.1
5.63211 11135.9
5.63545 11161.7
5.6388 11187.5
5.64214 11213.2
5.64548 11239
5.64883 11264.8
5.65217 11290.6
5.65552 11316.3
5.65886 11342.1
5.66221 11367.9
5.66555 11393.6
5.6689 11419.4
5.67224 11445.2
5.67559 11470.9
5.67893 11496.7
5.68227 11522.4
5.68562 11548.1
5.68896 11573.9
5.69231 11599.6
5.69565 11625.3
5.699 11651.1
5.70234 11676.8
5.70569 11702.5
5.70903 11728.2
5.71237 11753.8
5.71572 11779.5
5.71906 11805.2
5.72241 11830.8
5.72575 11856.5
5.7291 11882.1
5.73244 11907.7
5.73579 11933.3
5.73913 11958.9
5.74247 11984.5
5.74582 12010.1
5.74916 12035.6
5.75251 12061.2
5.75585 12086.7
5.7592 12112.2
5.76254 12137.7
5.76589 12163.1
5.76923 12188.6
5.77258 12214
5.77592 12239.5
5.77926 12264.9
5.78261 12290.3
5.78595 12315.6
5.7893 12341
5.79264 12366.3
5.79599 12391.6
5.79933 12416.9
5.80268 12442.1
5.80602 12467.4
5.80936 12492.6
5.81271 12517.8
5.81605 12543
5.8194 12568.1
5.82274 12593.2
5.82609 12618.3
5.82943 12643.4
5.83278 12668.4
5.83612 12693.5
5.83946 12718.4
5.84281 12743.4
5.84615 12768.4
5.8495 12793.3
5.85284 12818.1
5.85619 12843
5.85953 12867.8
5.86288 12892.6
5.86622 12917.4
5.86957 12942.1
5.87291 12966.8
5.87625 12991.5
5.8796 13016.1
5.88294 13040.7
5.88629 13065.3
5.88963 13089.8
5.89298 13114.3
5.89632 13138.8
5.89967 13163.2
5.90301 13187.6
5.90635 13211.9
5.9097 13236.3
5.91304 13260.5
5.91639 13284.8
5.91973 13309
5.92308 13333.2
5.92642 13357.3
5.92977 13381.4
5.93311 13405.4
5.93645 13429.4
5.9398 13453.4
5.94314 13477.3
5.94649 13501.2
5.94983 13525.1
5.95318 13548.9
5.95652 13572.6
5.95987 13596.3
5.96321 13620
5.96656 13643.6
5.9699 13667.2
5.97324 13690.8
5.97659 13714.2
5.97993 13737.7
5.98328 13761.1
5.98662 13784.4
5.98997 13807.7
5.99331 13831
5.99666 13854.2
6 13877.3
