5.1 4746.69
5.10201 4692.36
5.10401 4637.92
5.10602 4583.37
5.10803 4528.72
5.11003 4473.97
5.11204 1.88243e+06
5.11405 1.91937e+06
5.11605 1.92937e+06
5.11806 1.90939e+06
5.12007 1.85642e+06
5.12207 1.76744e+06
5.12408 1.63944e+06
5.12609 1.46938e+06
5.12809 1.25425e+06
5.1301 991033
5.13211 676706
5.13411 308249
5.13612 -117359
5.13813 -603137
5.14013 -1.1521e+06
5.14214 -1.76728e+06
5.14415 -2.45169e+06
5.14615 -3.20835e+06
5.14816 -4.04028e+06
5.15017 -4.9505e+06
5.15217 -5.94203e+06
5.15418 -7.01789e+06
5.15619 -8.1811e+06
5.15819 -9.43468e+06
5.1602 -1.07817e+07
5.16221 -1.2225e+07
5.16421 -1.37679e+07
5.16622 -1.54131e+07
5.16823 -1.71639e+07
5.17023 -1.90231e+07
5.17224 -2.09938e+07
5.17425 -2.30791e+07
5.17625 -2.52819e+07
5.17826 -2.76053e+07
5.18027 -3.00523e+07
5.18227 -3.26259e+07
5.18428 -3.53291e+07
5.18629 -3.8165e+07
5.18829 -4.11365e+07
5.1903 -4.42468e+07
5.19231 -4.74987e+07
5.19431 -5.08954e+07
5.19632 -5.44398e+07
5.19833 -5.8135e+07
5.20033 -6.1984e+07
5.20234 -6.59898e+07
5.20435 -7.01555e+07
5.20635 -7.4484e+07
5.20836 -7.89783e+07
5.21037 -8.36416e+07
5.21237 -8.84767e+07
5.21438 -9.34868e+07
5.21639 -9.86749e+07
5.21839 -1.04044e+08
5.2204 -1.09597e+08
5.22241 -5.22538e+13
5.22441 -5.44844e+13
5.22642 -5.6448e+13
5.22843 -5.81216e+13
5.23043 -5.94819e+13
5.23244 -6.0506e+13
5.23445 -6.11705e+13
5.23645 -6.14525e+13
5.23846 -6.13287e+13
5.24047 -6.07761e+13
5.24247 -5.97715e+13
5.24448 -5.82918e+13
5.24649 -5.63138e+13
5.24849 -5.38144e+13
5.2505 -5.07706e+13
5.25251 -4.71591e+13
5.25452 -4.29568e+13
5.25652 -3.81406e+13
5.25853 -3.26874e+13
5.26054 -2.6574e+13
5.26254 -1.97773e+13
5.26455 -1.22742e+13
5.26656 -4.04158e+12
5.26856 4.94376e+12
5.27057 1.47049e+13
5.27258 2.5265e+13
5.27458 3.66472e+13
5.27659 4.88746e+13
5.2786 6.19703e+13
5.2806 7.59576e+13
5.28261 9.08594e+13
5.28462 1.06699e+14
5.28662 1.23499e+14
5.28863 1.41284e+14
5.29064 1.60075e+14
5.29264 1.79897e+14
5.29465 2.00772e+14
5.29666 2.22724e+14
5.29866 2.45775e+14
5.30067 2.69949e+14
5.30268 2.95269e+14
5.30468 3.21758e+14
5.30669 3.49439e+14
5.3087 3.78336e+14
5.3107 4.08471e+14
5.31271 4.39867e+14
5.31472 4.72549e+14
5.31672 5.06538e+14
5.31873 5.41858e+14
5.32074 5.78532e+14
5.32274 6.16583e+14
5.32475 6.56035e+14
5.32676 6.9691e+14
5.32876 7.39231e+14
5.33077 7.83023e+14
5.33278 8.28307e+14
5.33478 2.22445e+19
5.33679 2.09429e+19
5.3388 1.95147e+19
5.3408 1.7956e+19
5.34281 1.6263e+19
5.34482 1.44315e+19
5.34682 1.24578e+19
5.34883 1.03377e+19
5.35084 8.06733e+18
5.35284 5.64274e+18
5.35485 3.05996e+18
5.35686 3.15019e+17
5.35886 -2.59605e+18
5.36087 -5.6772e+18
5.36288 -8.93239e+18
5.36488 -1.23656e+19
5.36689 -1.59808e+19
5.3689 -1.97819e+19
5.3709 -2.37729e+19
5.37291 -2.79578e+19
5.37492 -3.23406e+19
5.37692 -3.69251e+19
5.37893 -4.17153e+19
5.38094 -4.67153e+19
5.38294 -5.1929e+19
5.38495 -5.73603e+19
5.38696 -6.30132e+19
5.38896 -6.88917e+19
5.39097 -7.49997e+19
5.39298 -8.13412e+19
5.39498 -8.79202e+19
5.39699 -9.47406e+19
5.399 -1.01806e+20
5.401 -1.09122e+20
5.40301 -1.1669e+20
5.40502 -1.24516e+20
5.40702 -1.32603e+20
5.40903 -1.40955e+20
5.41104 -1.49576e+20
5.41304 -1.58471e+20
5.41505 -1.67642e+20
5.41706 -1.77095e+20
5.41906 -1.86832e+20
5.42107 -1.96859e+20
5.42308 -2.07179e+20
5.42508 -2.17795e+20
5.42709 -2.28712e+20
5.4291 -2.39934e+20
5.4311 -2.51465e+20
5.43311 -2.63309e+20
5.43512 -2.7547e+20
5.43712 -2.87951e+20
5.43913 -3.00757e+20
5.44114 -3.13891e+20
5.44314 -3.27358e+20
5.44515 1.77115e+22
5.44716 2.10359e+22
5.44916 2.44728e+22
5.45117 2.80241e+22
5.45318 3.16917e+22
5.45518 3.54776e+22
5.45719 3.93835e+22
5.4592 4.34116e+22
5.4612 4.75635e+22
5.46321 5.18413e+22
5.46522 5.62469e+22
5.46722 6.0782e+22
5.46923 6.54488e+22
5.47124 7.02489e+22
5.47324 7.51845e+22
5.47525 8.02572e+22
5.47726 8.54692e+22
5.47926 9.08222e+22
5.48127 9.63181e+22
5.48328 1.01959e+23
5.48528 1.07746e+23
5.48729 1.13683e+23
5.4893 1.1977e+23
5.4913 1.26009e+23
5.49331 1.32402e+23
5.49532 1.38952e+23
5.49732 1.45661e+23
5.49933 1.52529e+23
5.50134 1.59559e+23
5.50334 1.66753e+23
5.50535 1.74113e+23
5.50736 1.8164e+23
5.50936 1.89338e+23
5.51137 1.97206e+23
5.51338 2.05248e+23
5.51538 2.13466e+23
5.51739 2.2186e+23
5.5194 2.30434e+23
5.5214 2.39188e+23
5.52341 2.48126e+23
5.52542 2.57248e+23
5.52742 2.66557e+23
5.52943 2.76055e+23
5.53144 2.85743e+23
5.53344 2.95624e+23
5.53545 3.05699e+23
5.53746 3.1597e+23
5.53946 3.2644e+23
5.54147 3.37109e+23
5.54348 3.4798e+23
5.54548 3.59055e+23
5.54749 3.70336e+23
5.5495 3.81825e+23
5.55151 3.93523e+23
5.55351 4.05432e+23
5.55552 4.17555e+23
5.55753 -6.19489e+24
5.55953 -7.06523e+24
5.56154 -7.96298e+24
5.56355 -8.88858e+24
5.56555 -9.84245e+24
5.56756 -1.0825e+25
5.56957 -1.18368e+25
5.57157 -1.28781e+25
5.57358 -1.39494e+25
5.57559 -1.50512e+25
5.57759 -1.61838e+25
5.5796 -1.73478e+25
5.58161 -1.85435e+25
5.58361 -1.97714e+25
5.58562 -2.10319e+25
5.58763 -2.23254e+25
5.58963 -2.36525e+25
5.59164 -2.50134e+25
5.59365 -2.64087e+25
5.59565 -2.78387e+25
5.59766 -2.9304e+25
5.59967 -3.08048e+25
5.60167 -3.23418e+25
5.60368 -3.39153e+25
5.60569 -3.55257e+25
5.60769 -3.71735e+25
5.6097 -3.88591e+25
5.61171 -4.0583e+25
5.61371 -4.23455e+25
5.61572 -4.41471e+25
5.61773 -4.59883e+25
5.61973 -4.78694e+25
5.62174 -4.9791e+25
5.62375 -5.17534e+25
5.62575 -5.3757e+25
5.62776 -5.58024e+25
5.62977 -5.78899e+25
5.63177 -6.002e+25
5.63378 -6.21931e+25
5.63579 -6.44096e+25
5.63779 -6.667e+25
5.6398 -6.89747e+25
5.64181 -7.13241e+25
5.64381 -7.37187e+25
5.64582 -7.61589e+25
5.64783 -7.86451e+25
5.64983 -8.11778e+25
5.65184 -8.37574e+25
5.65385 -8.63844e+25
5.65585 -8.90591e+25
5.65786 -9.1782e+25
5.65987 -9.45536e+25
5.66187 -9.73742e+25
5.66388 -1.00244e+26
5.66589 -1.03164e+26
5.66789 5.29893e+26
5.6699 7.30414e+26
5.67191 9.3773e+26
5.67391 1.15195e+27
5.67592 1.3732e+27
5.67793 1.60157e+27
5.67993 1.83718e+27
5.68194 2.08015e+27
5.68395 2.33059e+27
5.68595 2.5886e+27
5.68796 2.8543e+27
5.68997 3.1278e+27
5.69197 3.40922e+27
5.69398 3.69865e+27
5.69599 3.99623e+27
5.69799 4.30205e+27
5.7 4.61623e+27
