5.1 7268.38
5.10201 7279.98
5.10401 7291.55
5.10602 7303.07
5.10803 7314.55
5.11003 7325.99
5.11204 7334.28
5.11405 7345.42
5.11605 7356.52
5.11806 7367.58
5.12007 7378.6
5.12207 7389.57
5.12408 7400.51
5.12609 7411.4
5.12809 7422.26
5.1301 7433.08
5.13211 7443.87
5.13411 7454.63
5.13612 7465.35
5.13813 7476.04
5.14013 7486.7
5.14214 7497.34
5.14415 7507.94
5.14615 7518.52
5.14816 7529.08
5.15017 7539.61
5.15217 7550.12
5.15418 7560.61
5.15619 7571.07
5.15819 7581.52
5.1602 7591.96
5.16221 7602.37
5.16421 7612.77
5.16622 7623.16
5.16823 7633.53
5.17023 7643.89
5.17224 7654.25
5.17425 7664.59
5.17625 7674.92
5.17826 7685.25
5.18027 7695.58
5.18227 7705.9
5.18428 7716.21
5.18629 7726.53
5.18829 7736.85
5.1903 7747.16
5.19231 7757.48
5.19431 7767.8
5.19632 7778.13
5.19833 7788.46
5.20033 7798.8
5.20234 7809.15
5.20435 7819.51
5.20635 7829.87
5.20836 7840.25
5.21037 7850.65
5.21237 7861.06
5.21438 7871.48
5.21639 7881.92
5.21839 7892.38
5.2204 7902.86
5.22241 7910.31
5.22441 7920.61
5.22642 7930.91
5.22843 7941.23
5.23043 7951.56
5.23244 7961.9
5.23445 7972.26
5.23645 7982.63
5.23846 7993.02
5.24047 8003.42
5.24247 8013.84
5.24448 8024.28
5.24649 8034.74
5.24849 8045.22
5.2505 8055.71
5.25251 8066.23
5.25452 8076.77
5.25652 8087.34
5.25853 8097.93
5.26054 8108.54
5.26254 8119.17
5.26455 8129.84
5.26656 8140.53
5.26856 8151.24
5.27057 8161.99
5.27258 8172.76
5.27458 8183.57
5.27659 8194.41
5.2786 8205.27
5.2806 8216.17
5.28261 8227.11
5.28462 8238.07
5.28662 8249.08
5.28863 8260.11
5.29064 8271.19
5.29264 8282.3
5.29465 8293.45
5.29666 8304.64
5.29866 8315.87
5.30067 8327.13
5.30268 8338.44
5.30468 8349.8
5.30669 8361.19
5.3087 8372.63
5.3107 8384.11
5.31271 8395.64
5.31472 8407.21
5.31672 8418.84
5.31873 8430.5
5.32074 8442.22
5.32274 8453.99
5.32475 8465.8
5.32676 8477.67
5.32876 8489.59
5.33077 8501.56
5.33278 8513.59
5.33478 8522.49
5.33679 8534.39
5.3388 8546.33
5.3408 8558.32
5.34281 8570.35
5.34482 8582.43
5.34682 8594.55
5.34883 8606.71
5.35084 8618.93
5.35284 8631.18
5.35485 8643.49
5.35686 8655.84
5.35886 8668.23
5.36087 8680.68
5.36288 8693.17
5.36488 8705.71
5.36689 8718.29
5.3689 8730.93
5.3709 8743.62
5.37291 8756.35
5.37492 8769.14
5.37692 8781.97
5.37893 8794.86
5.38094 8807.8
5.38294 8820.79
5.38495 8833.83
5.38696 8846.92
5.38896 8860.06
5.39097 8873.26
5.39298 8886.51
5.39498 8899.82
5.39699 8913.18
5.399 8926.59
5.401 8940.06
5.40301 8953.58
5.40502 8967.16
5.40702 8980.8
5.40903 8994.49
5.41104 9008.24
5.41304 9022.04
5.41505 9035.91
5.41706 9049.83
5.41906 9063.8
5.42107 9077.84
5.42308 9091.94
5.42508 9106.09
5.42709 9120.31
5.4291 9134.58
5.4311 9148.92
5.43311 9163.31
5.43512 9177.77
5.43712 9192.29
5.43913 9206.87
5.44114 9221.51
5.44314 9236.22
5.44515 9247.89
5.44716 9262.5
5.44916 9277.15
5.45117 9291.86
5.45318 9306.62
5.45518 9321.42
5.45719 9336.28
5.4592 9351.2
5.4612 9366.16
5.46321 9381.17
5.46522 9396.24
5.46722 9411.35
5.46923 9426.52
5.47124 9441.74
5.47324 9457.01
5.47525 9472.32
5.47726 9487.69
5.47926 9503.11
5.48127 9518.59
5.48328 9534.11
5.48528 9549.68
5.48729 9565.3
5.4893 9580.97
5.4913 9596.7
5.49331 9612.47
5.49532 9628.29
5.49732 9644.17
5.49933 9660.09
5.50134 9676.06
5.50334 9692.09
5.50535 9708.16
5.50736 9724.29
5.50936 9740.46
5.51137 9756.68
5.51338 9772.96
5.51538 9789.28
5.51739 9805.65
5.5194 9822.07
5.5214 9838.55
5.52341 9855.07
5.52542 9871.64
5.52742 9888.26
5.52943 9904.93
5.53144 9921.65
5.53344 9938.41
5.53545 9955.23
5.53746 9972.1
5.53946 9989.01
5.54147 10006
5.54348 10023
5.54548 10040.1
5.54749 10057.2
5.5495 10074.3
5.55151 10091.5
5.55351 10108.8
5.55552 10126.1
5.55753 10140.2
5.55953 10157.4
5.56154 10174.6
5.56355 10191.8
5.56555 10209.1
5.56756 10226.4
5.56957 10243.7
5.57157 10261.1
5.57358 10278.5
5.57559 10296
5.57759 10313.4
5.5796 10330.9
5.58161 10348.5
5.58361 10366
5.58562 10383.6
5.58763 10401.3
5.58963 10418.9
5.59164 10436.6
5.59365 10454.3
5.59565 10472.1
5.59766 10489.8
5.59967 10507.6
5.60167 10525.4
5.60368 10543.3
5.60569 10561.2
5.60769 10579
5.6097 10597
5.61171 10614.9
5.61371 10632.9
5.61572 10650.9
5.61773 10668.9
5.61973 10686.9
5.62174 10705
5.62375 10723.1
5.62575 10741.1
5.62776 10759.3
5.62977 10777.4
5.63177 10795.6
5.63378 10813.7
5.63579 10831.9
5.63779 10850.1
5.6398 10868.4
5.64181 10886.6
5.64381 10904.9
5.64582 10923.1
5.64783 10941.4
5.64983 10959.7
5.65184 10978.1
5.65385 10996.4
5.65585 11014.8
5.65786 11033.1
5.65987 11051.5
5.66187 11069.9
5.66388 11088.3
5.66589 11106.7
5.66789 11121.9
5.6699 11140.1
5.67191 11158.3
5.67391 11176.5
5.67592 11194.7
5.67793 11212.9
5.67993 11231.1
5.68194 11249.2
5.68395 11267.4
5.68595 11285.5
5.68796 11303.7
5.68997 11321.8
5.69197 11339.9
5.69398 11358
5.69599 11376.1
5.69799 11394.2
5.7 11412.2
