-100 1.04282e+07
-99.3311 1.04853e+07
-98.6622 1.05383e+07
-97.9933 1.05871e+07
-97.3244 1.06318e+07
-96.6555 1.06724e+07
-95.9866 1.07091e+07
-95.3177 1.07419e+07
-94.6488 1.07708e+07
-93.9799 1.07958e+07
-93.311 1.0817e+07
-92.6421 1.08345e+07
-91.9732 1.08482e+07
-91.3043 1.08583e+07
-90.6355 1.08648e+07
-89.9666 1.08677e+07
-89.2977 1.08671e+07
-88.6288 1.08631e+07
-87.9599 1.08556e+07
-87.291 1.08448e+07
-86.6221 1.08306e+07
-85.9532 1.08131e+07
-85.2843 1.07924e+07
-84.6154 1.07685e+07
-83.9465 1.07415e+07
-83.2776 1.07113e+07
-82.6087 1.06782e+07
-81.9398 1.0642e+07
-81.2709 1.06029e+07
-80.602 1.05608e+07
-79.9331 1.0516e+07
-79.2642 1.04683e+07
-78.5953 1.04178e+07
-77.9264 1.03646e+07
-77.2575 1.03087e+07
-76.5886 1.02503e+07
-75.9197 1.01892e+07
-75.2508 1.01256e+07
-74.5819 1.00596e+07
-73.913 9.99105e+06
-73.2441 9.92015e+06
-72.5753 9.84692e+06
-71.9064 9.77138e+06
-71.2375 9.6936e+06
-70.5686 9.61362e+06
-69.8997 9.53148e+06
-69.2308 9.44724e+06
-68.5619 9.36094e+06
-67.893 9.27262e+06
-67.2241 9.18234e+06
-66.5552 9.09013e+06
-65.8863 8.99606e+06
-65.2174 8.90016e+06
-64.5485 8.80248e+06
-63.8796 8.70307e+06
-63.2107 8.60198e+06
-62.5418 8.49924e+06
-61.8729 8.39492e+06
-61.204 8.28906e+06
-60.5351 8.1817e+06
-59.8662 8.07289e+06
-59.1973 7.96267e+06
-58.5284 7.8511e+06
-57.8595 7.73823e+06
-57.1906 7.62409e+06
-56.5217 7.50873e+06
-55.8528 7.39221e+06
-55.1839 7.27457e+06
-54.5151 7.15586e+06
-53.8462 7.03611e+06
-53.1773 6.91539e+06
-52.5084 6.79374e+06
-51.8395 6.6712e+06
-51.1706 6.54782e+06
-50.5017 6.42365e+06
-49.8328 6.29874e+06
-49.1639 6.17313e+06
-48.495 6.04687e+06
-47.8261 5.92e+06
-47.1572 5.79258e+06
-46.4883 5.66464e+06
-45.8194 5.53625e+06
-45.1505 5.40744e+06
-44.4816 5.27826e+06
-43.8127 5.14876e+06
-43.1438 5.01898e+06
-42.4749 4.88898e+06
-41.806 4.75879e+06
-41.1371 4.62847e+06
-40.4682 4.49807e+06
-39.7993 4.36762e+06
-39.1304 4.23719e+06
-38.4615 4.1068e+06
-37.7926 3.97652e+06
-37.1237 3.84638e+06
-36.4548 3.71644e+06
-35.786 3.58675e+06
-35.1171 3.45734e+06
-34.4482 3.32826e+06
-33.7793 3.19957e+06
-33.1104 3.07131e+06
-32.4415 2.94353e+06
-31.7726 2.81627e+06
-31.1037 2.68959e+06
-30.4348 2.56352e+06
-29.7659 2.43811e+06
-29.097 2.31342e+06
-28.4281 2.18948e+06
-27.7592 2.06636e+06
-27.0903 1.94408e+06
-26.4214 1.8227e+06
-25.7525 1.70228e+06
-25.0836 1.58284e+06
-24.4147 1.46445e+06
-23.7458 1.34714e+06
-23.0769 1.23097e+06
-22.408 1.11598e+06
-21.7391 1.00222e+06
-21.0702 889733
-20.4013 778571
-19.7324 668778
-19.0635 560402
-18.3946 453489
-17.7258 348088
-17.0569 244243
-16.388 142004
-15.7191 41416
-15.0502 -57473.3
-14.3813 -154617
-13.7124 -249968
-13.0435 -343480
-12.3746 -435105
-11.7057 -524796
-11.0368 -612507
-10.3679 -698191
-9.699 -781800
-9.0301 -863287
-8.3612 -942607
-7.69231 -1.01971e+06
-7.02341 -1.09455e+06
-6.35452 -1.16708e+06
-5.68562 -1.23726e+06
-5.01672 -1.30503e+06
-4.34783 -1.37035e+06
-3.67893 -1.43318e+06
-3.01003 -1.49346e+06
-2.34114 -1.55115e+06
-1.67224 -1.6062e+06
-1.00334 -1.65856e+06
-0.334448 -1.70819e+06
0.334448 -1.75505e+06
1.00334 -1.79907e+06
1.67224 -1.84023e+06
2.34114 -1.87846e+06
3.01003 -1.91373e+06
3.67893 -1.94598e+06
4.34783 -1.97517e+06
5.01672 -2.00126e+06
5.68562 -2.02418e+06
6.35452 -2.04391e+06
7.02341 -2.06039e+06
7.69231 -2.07357e+06
8.3612 -2.0834e+06
9.0301 -2.08985e+06
9.699 -2.09286e+06
10.3679 -2.09239e+06
11.0368 -2.08838e+06
11.7057 -1.90396e+06
12.3746 -1.84876e+06
13.0435 -1.78222e+06
13.7124 -1.70355e+06
14.3813 -1.61194e+06
15.0502 -1.5066e+06
15.7191 -1.38674e+06
16.388 -1.25154e+06
17.0569 -1.10022e+06
17.7258 -931973
18.3946 -746001
19.0635 -541506
19.7324 -317689
20.4013 -73751.5
21.0702 191105
21.7391 477680
22.408 940174
23.0769 1.31226e+06
23.7458 1.71567e+06
24.4147 2.15195e+06
25.0836 2.62264e+06
25.7525 3.1293e+06
26.4214 3.67349e+06
27.0903 4.25674e+06
27.7592 4.88061e+06
28.4281 5.54665e+06
29.097 6.25641e+06
29.7659 7.01144e+06
30.4348 7.8133e+06
31.1037 8.66352e+06
31.7726 9.56367e+06
32.4415 1.05153e+07
33.1104 1.15199e+07
33.7793 1.27472e+07
34.4482 1.39049e+07
35.1171 1.51278e+07
35.786 1.64182e+07
36.4548 1.77783e+07
37.1237 1.92106e+07
37.7926 2.07172e+07
38.4615 2.23005e+07
39.1304 2.39627e+07
39.7993 2.57063e+07
40.4682 2.75334e+07
41.1371 2.94464e+07
41.806 3.14477e+07
42.4749 3.35394e+07
43.1438 3.57239e+07
43.8127 3.80035e+07
44.4816 4.0526e+07
45.1505 4.30409e+07
45.8194 4.56648e+07
46.4883 4.84008e+07
47.1572 5.1252e+07
47.8261 5.42213e+07
48.495 5.7312e+07
49.1639 6.05269e+07
49.8328 6.38692e+07
50.5017 6.73419e+07
51.1706 7.09481e+07
51.8395 7.46908e+07
52.5084 7.8573e+07
53.1773 8.25979e+07
53.8462 8.67685e+07
54.5151 9.10879e+07
55.1839 9.5559e+07
55.8528 1.00345e+08
56.5217 1.05169e+08
57.1906 1.10162e+08
57.8595 1.15327e+08
58.5284 1.20668e+08
59.1973 1.26189e+08
59.8662 1.31893e+08
60.5351 1.37785e+08
61.204 1.43867e+08
61.8729 1.50145e+08
62.5418 1.56621e+08
63.2107 1.633e+08
63.8796 1.70185e+08
64.5485 1.7728e+08
65.2174 1.84589e+08
65.8863 1.92116e+08
66.5552 1.99865e+08
67.2241 2.08013e+08
67.893 2.1626e+08
68.5619 2.24747e+08
69.2308 2.33479e+08
69.8997 2.42461e+08
70.5686 2.51698e+08
71.2375 2.61193e+08
71.9064 2.70952e+08
72.5753 2.80978e+08
73.2441 2.91277e+08
73.913 3.01853e+08
74.5819 3.12711e+08
75.2508 3.23855e+08
75.9197 3.35289e+08
76.5886 3.47019e+08
77.2575 3.59049e+08
77.9264 3.71534e+08
78.5953 3.84217e+08
79.2642 3.9722e+08
79.9331 4.10549e+08
80.602 4.24209e+08
81.2709 4.38206e+08
81.9398 4.52544e+08
82.6087 4.6723e+08
83.2776 4.82269e+08
83.9465 4.97665e+08
84.6154 5.13425e+08
85.2843 5.29553e+08
85.9532 5.46055e+08
86.6221 5.62935e+08
87.291 5.80201e+08
87.9599 5.97855e+08
88.6288 6.15905e+08
89.2977 6.34521e+08
89.9666 6.53419e+08
90.6355 6.72735e+08
91.3043 6.92476e+08
91.9732 7.12647e+08
92.6421 7.33254e+08
93.311 7.54305e+08
93.9799 7.75804e+08
94.6488 7.97757e+08
95.3177 8.20172e+08
95.9866 8.43053e+08
96.6555 8.66407e+08
97.3244 8.90241e+08
97.9933 9.14559e+08
98.6622 9.39368e+08
99.3311 9.64675e+08
100 9.90485e+08
