5.2 -1949.37
5.20201 -2397.1
5.20401 -2859.18
5.20602 -3335.82
5.20803 -3827.25
5.21003 -4333.68
5.21204 -4855.32
5.21405 -5392.38
5.21605 -5945.1
5.21806 -6513.67
5.22007 -7098.32
5.22207 -7699.27
5.22408 -8316.72
5.22609 -8950.89
5.22809 -9602
5.2301 -10270.3
5.23211 -10955.9
5.23411 -11659.1
5.23612 -12380.1
5.23813 -13119.2
5.24013 -13876.4
5.24214 -14652.2
5.24415 -15446.5
5.24615 -16259.8
5.24816 -17092.1
5.25017 8185.71
5.25217 8187.12
5.25418 8188.3
5.25619 8189.26
5.25819 8190.02
5.2602 8190.57
5.26221 8190.93
5.26421 8191.11
5.26622 8191.11
5.26823 8190.94
5.27023 8190.61
5.27224 8190.13
5.27425 8189.5
5.27625 8188.74
5.27826 8187.84
5.28027 8186.83
5.28227 8185.7
5.28428 8184.47
5.28629 8183.14
5.28829 8181.73
5.2903 8180.23
5.29231 8178.66
5.29431 8177.03
5.29632 8175.34
5.29833 8173.6
5.30033 8171.82
5.30234 8170
5.30435 8168.17
5.30635 8166.31
5.30836 8164.45
5.31037 8162.59
5.31237 8160.73
5.31438 8158.89
5.31639 8157.08
5.31839 8155.29
5.3204 8153.55
5.32241 8151.85
5.32441 8150.2
5.32642 8148.63
5.32843 8147.12
5.33043 8145.69
5.33244 8144.35
5.33445 8143.11
5.33645 8141.96
5.33846 8140.93
5.34047 8140.02
5.34247 8139.24
5.34448 8138.59
5.34649 8138.09
5.34849 8137.74
5.3505 8137.55
5.35251 8137.52
5.35452 8137.68
5.35652 8138.01
5.35853 8138.54
5.36054 8139.26
5.36254 8140.2
5.36455 8141.35
5.36656 8142.72
5.36856 8144.33
5.37057 8146.17
5.37258 8148.26
5.37458 8150.61
5.37659 8153.23
5.3786 8156.11
5.3806 8159.27
5.38261 8162.73
5.38462 8166.47
5.38662 8170.52
5.38863 8174.89
5.39064 8179.57
5.39264 8184.58
5.39465 8189.93
5.39666 8195.62
5.39866 8201.66
5.40067 8208.06
5.40268 8214.83
5.40468 8221.98
5.40669 8229.51
5.4087 8237.43
5.4107 8245.75
5.41271 8254.48
5.41472 8263.63
5.41672 8273.2
5.41873 8283.2
5.42074 8293.64
5.42274 8304.53
5.42475 8315.88
5.42676 8327.69
5.42876 8339.97
5.43077 8352.73
5.43278 8365.98
5.43478 8379.73
5.43679 8393.98
5.4388 8408.74
5.4408 8424.03
5.44281 8439.84
5.44482 8456.18
5.44682 8473.07
5.44883 8490.52
5.45084 8508.52
5.45284 8527.09
5.45485 8546.24
5.45686 8565.97
5.45886 8586.29
5.46087 8607.22
5.46288 8628.75
5.46488 8650.9
5.46689 8673.67
5.4689 8697.08
5.4709 8721.12
5.47291 8745.81
5.47492 8771.16
5.47692 8797.18
5.47893 8823.86
5.48094 8851.23
5.48294 8879.28
5.48495 8908.04
5.48696 8937.49
5.48896 8967.66
5.49097 8998.55
5.49298 9030.16
5.49498 9062.52
5.49699 9095.61
5.499 9129.46
5.501 9635.57
5.50301 9649.67
5.50502 9663.84
5.50702 9678.08
5.50903 9692.36
5.51104 9706.68
5.51304 9721
5.51505 9735.33
5.51706 9749.64
5.51906 9763.92
5.52107 9778.14
5.52308 9792.31
5.52508 9806.39
5.52709 9820.38
5.5291 9834.25
5.5311 9848
5.53311 9861.61
5.53512 9875.06
5.53712 9888.33
5.53913 9901.42
5.54114 9914.29
5.54314 9926.95
5.54515 9939.37
5.54716 9951.54
5.54916 9963.44
5.55117 9975.05
5.55318 9986.36
5.55518 9997.36
5.55719 10008
5.5592 10018.4
5.5612 10028.3
5.56321 10037.9
5.56522 10047.1
5.56722 10055.8
5.56923 10064.2
5.57124 10072.1
5.57324 10079.6
5.57525 10086.5
5.57726 10093
5.57926 10099
5.58127 10104.5
5.58328 10109.4
5.58528 10113.8
5.58729 10117.6
5.5893 10120.8
5.5913 10123.4
5.59331 10125.5
5.59532 10126.9
5.59732 10127.6
5.59933 10127.7
5.60134 10127.1
5.60334 10125.8
5.60535 10123.8
5.60736 10121.1
5.60936 10117.6
5.61137 10113.4
5.61338 10108.4
5.61538 10102.6
5.61739 10096
5.6194 10088.6
5.6214 10080.4
5.62341 10071.3
5.62542 10061.4
5.62742 10050.5
5.62943 10038.8
5.63144 10026.2
5.63344 10012.6
5.63545 9998.08
5.63746 9982.61
5.63946 9966.16
5.64147 9948.72
5.64348 9930.27
5.64548 9910.8
5.64749 9890.29
5.6495 9868.73
5.65151 9846.1
5.65351 9822.38
5.65552 9797.56
5.65753 9771.62
5.65953 9744.55
5.66154 9716.34
5.66355 9686.95
5.66555 9656.39
5.66756 9624.63
5.66957 9591.67
5.67157 9557.47
5.67358 9522.03
5.67559 9485.33
5.67759 9447.36
5.6796 9408.1
5.68161 9367.53
5.68361 9325.64
5.68562 9282.42
5.68763 9237.84
5.68963 9191.89
5.69164 9144.56
5.69365 9095.83
5.69565 9045.68
5.69766 8994.11
5.69967 8941.08
5.70167 8886.59
5.70368 8830.63
5.70569 8773.17
5.70769 8714.19
5.7097 8653.7
5.71171 8591.66
5.71371 8528.07
5.71572 8462.9
5.71773 8396.14
5.71973 8327.78
5.72174 8257.8
5.72375 8186.19
5.72575 8112.92
5.72776 8037.98
5.72977 7961.37
5.73177 7883.05
5.73378 7803.02
5.73579 7721.26
5.73779 7637.76
5.7398 7552.49
5.74181 7465.45
5.74381 7376.61
5.74582 7285.96
5.74783 7193.49
5.74983 7099.19
5.75184 11317.7
5.75385 11324.4
5.75585 11332.2
5.75786 11340.9
5.75987 11350.7
5.76187 11361.7
5.76388 11373.7
5.76589 11386.9
5.76789 11401.4
5.7699 11417.1
5.77191 11434.1
5.77391 11452.4
5.77592 11472.1
5.77793 11493.1
5.77993 11515.6
5.78194 11539.6
5.78395 11565.2
5.78595 11592.2
5.78796 11620.9
5.78997 11651.2
5.79197 11683.1
5.79398 11716.8
5.79599 11752.2
5.79799 11789.4
5.8 11828.4
