1 -426.083
1.3311 -405.94
1.66221 -488.5
1.99331 -783.063
2.32441 -1398.93
2.65552 -2445.41
2.98662 -4031.8
3.31773 -6267.39
3.64883 -9261.51
3.97993 -13123.4
4.31104 -17962.5
4.64214 -23888
4.97324 -31009.2
5.30435 -39435.4
5.63545 -49275.9
5.96656 -60640.1
6.29766 -73637.2
6.62876 -88376.5
6.95987 -104967
7.29097 -123519
7.62207 -144141
7.95318 -166942
8.28428 -192032
8.61538 -219520
8.94649 -249516
9.27759 -282128
9.6087 -317466
9.9398 -355639
10.2709 -396757
10.602 -440929
10.9331 -488264
11.2642 174528
11.5953 193964
11.9264 214840
12.2575 237267
12.5886 261355
12.9197 287213
13.2508 314953
13.5819 344683
13.913 376515
14.2441 410559
14.5753 446923
14.9064 485720
15.2375 527058
15.5686 571048
15.8997 617801
16.2308 667425
16.5619 720033
16.893 775732
17.2241 834634
17.5552 896849
17.8863 962487
18.2174 1.03166e+06
18.5485 1.10447e+06
18.8796 1.18104e+06
19.2107 1.26147e+06
19.5418 1.34588e+06
19.8729 1.43437e+06
20.204 1.52705e+06
20.5351 1.62404e+06
20.8662 1.72544e+06
21.1973 1.83136e+06
21.5284 1.94192e+06
21.8595 2.05723e+06
22.1906 2.17739e+06
22.5217 2.61499e+06
22.8528 2.77971e+06
23.1839 2.95329e+06
23.5151 3.13596e+06
23.8462 3.32795e+06
24.1773 3.52948e+06
24.5084 3.74079e+06
24.8395 3.96208e+06
25.1706 4.1936e+06
25.5017 4.43557e+06
25.8328 4.6882e+06
26.1639 4.95174e+06
26.495 5.22639e+06
26.8261 5.5124e+06
27.1572 5.80998e+06
27.4883 6.11936e+06
27.8194 6.44076e+06
28.1505 6.77442e+06
28.4816 7.12055e+06
28.8127 7.47939e+06
29.1438 7.85115e+06
29.4749 8.23607e+06
29.806 8.63437e+06
30.1371 9.04628e+06
30.4682 9.47201e+06
30.7993 9.91181e+06
31.1304 1.03659e+07
31.4615 1.08345e+07
31.7926 1.13178e+07
32.1237 1.18161e+07
32.4548 1.23295e+07
32.786 1.28584e+07
33.1171 1.34029e+07
33.4482 1.30445e+07
33.7793 1.35416e+07
34.1104 1.40471e+07
34.4415 1.45634e+07
34.7726 1.5093e+07
35.1037 1.56386e+07
35.4348 1.62026e+07
35.7659 1.67875e+07
36.097 1.73958e+07
36.4281 1.80302e+07
36.7592 1.8693e+07
37.0903 1.93869e+07
37.4214 2.01143e+07
37.7525 2.08778e+07
38.0836 2.16799e+07
38.4147 2.2523e+07
38.7458 2.34098e+07
39.0769 2.43428e+07
39.408 2.53244e+07
39.7391 2.63573e+07
40.0702 2.74438e+07
40.4013 2.85866e+07
40.7324 2.97882e+07
41.0635 3.1051e+07
41.3946 3.23777e+07
41.7258 3.37706e+07
42.0569 3.52324e+07
42.388 3.67656e+07
42.7191 3.83727e+07
43.0502 4.00562e+07
43.3813 4.18186e+07
43.7124 4.36625e+07
44.0435 4.55904e+07
44.3746 4.76048e+07
44.7057 3.95626e+07
45.0368 4.08259e+07
45.3679 4.21131e+07
45.699 4.34205e+07
46.0301 4.4745e+07
46.3612 4.60829e+07
46.6923 4.74309e+07
47.0234 4.87856e+07
47.3545 5.01435e+07
47.6856 5.15012e+07
48.0167 5.28553e+07
48.3478 5.42024e+07
48.6789 5.5539e+07
49.01 5.68617e+07
49.3411 5.81671e+07
49.6722 5.94517e+07
50.0033 6.07121e+07
50.3344 6.1945e+07
50.6656 6.31468e+07
50.9967 6.43142e+07
51.3278 6.54437e+07
51.6589 6.65319e+07
51.99 6.75753e+07
52.3211 6.85706e+07
52.6522 6.95144e+07
52.9833 7.04031e+07
53.3144 7.12334e+07
53.6455 7.20018e+07
53.9766 7.27049e+07
54.3077 7.33394e+07
54.6388 7.39017e+07
54.9699 7.43884e+07
55.301 7.47961e+07
55.6321 9.35585e+07
55.9632 9.61835e+07
56.2943 9.90377e+07
56.6254 1.02112e+08
56.9565 1.05399e+08
57.2876 1.08888e+08
57.6187 1.12572e+08
57.9498 1.16442e+08
58.2809 1.20489e+08
58.612 1.24705e+08
58.9431 1.2908e+08
59.2742 1.33606e+08
59.6054 1.38275e+08
59.9365 1.43078e+08
60.2676 1.48006e+08
60.5987 1.5305e+08
60.9298 1.58203e+08
61.2609 1.63454e+08
61.592 1.68796e+08
61.9231 1.7422e+08
62.2542 1.79718e+08
62.5853 1.85279e+08
62.9164 1.90897e+08
63.2475 1.96562e+08
63.5786 2.02265e+08
63.9097 2.07998e+08
64.2408 2.13753e+08
64.5719 2.1952e+08
64.903 2.25291e+08
65.2341 2.31057e+08
65.5652 2.3681e+08
65.8963 2.42541e+08
66.2274 2.48241e+08
66.5585 2.53902e+08
66.8896 2.07602e+08
67.2207 2.10918e+08
67.5518 2.13795e+08
67.8829 2.16238e+08
68.214 2.18251e+08
68.5452 2.19839e+08
68.8763 2.21006e+08
69.2074 2.21757e+08
69.5385 2.22098e+08
69.8696 2.22032e+08
70.2007 2.21564e+08
70.5318 2.207e+08
70.8629 2.19444e+08
71.194 2.178e+08
71.5251 2.15773e+08
71.8562 2.13369e+08
72.1873 2.10591e+08
72.5184 2.07444e+08
72.8495 2.03933e+08
73.1806 2.00064e+08
73.5117 1.9584e+08
73.8428 1.91266e+08
74.1739 1.86347e+08
74.505 1.81087e+08
74.8361 1.75493e+08
75.1672 1.69567e+08
75.4983 1.63315e+08
75.8294 1.56741e+08
76.1605 1.49851e+08
76.4916 1.42648e+08
76.8227 1.35139e+08
77.1538 1.27326e+08
77.4849 1.19216e+08
77.8161 3.59164e+08
78.1472 3.62002e+08
78.4783 3.65092e+08
78.8094 3.68551e+08
79.1405 3.72494e+08
79.4716 3.77038e+08
79.8027 3.82299e+08
80.1338 3.88393e+08
80.4649 3.95436e+08
80.796 4.03545e+08
81.1271 4.12836e+08
81.4582 4.23425e+08
81.7893 4.35428e+08
82.1204 4.48961e+08
82.4515 4.64141e+08
82.7826 4.81084e+08
83.1137 4.99906e+08
83.4448 5.20723e+08
83.7759 5.43651e+08
84.107 5.68807e+08
84.4381 5.96308e+08
84.7692 6.26268e+08
85.1003 6.58804e+08
85.4314 6.94033e+08
85.7625 7.32071e+08
86.0936 7.73033e+08
86.4247 8.17037e+08
86.7559 8.64198e+08
87.087 9.14632e+08
87.4181 9.68457e+08
87.7492 1.02579e+09
88.0803 1.08674e+09
88.4114 1.15143e+09
88.7425 1.21998e+09
89.0736 6.89035e+08
89.4047 6.90565e+08
89.7358 6.8982e+08
90.0669 6.86918e+08
90.398 6.8198e+08
90.7291 6.75123e+08
91.0602 6.66468e+08
91.3913 6.56133e+08
91.7224 6.44238e+08
92.0535 6.30902e+08
92.3846 6.16245e+08
92.7157 6.00384e+08
93.0468 5.83441e+08
93.3779 5.65533e+08
93.709 5.4678e+08
94.0401 5.27301e+08
94.3712 5.07216e+08
94.7023 4.86644e+08
95.0334 4.65703e+08
95.3645 4.44513e+08
95.6957 4.23194e+08
96.0268 4.01864e+08
96.3579 3.80643e+08
96.689 3.5965e+08
97.0201 3.39004e+08
97.3512 3.18824e+08
97.6823 2.9923e+08
98.0134 2.8034e+08
98.3445 2.62275e+08
98.6756 2.45152e+08
99.0067 2.29092e+08
99.3378 2.14214e+08
99.6689 2.00636e+08
100 1.88478e+08
