5.2 11484.4
5.20201 11654.7
5.20401 11828.9
5.20602 12006.8
5.20803 12188.5
5.21003 12374.1
5.21204 12563.6
5.21405 12757
5.21605 12954.4
5.21806 13155.8
5.22007 13361.2
5.22207 13570.8
5.22408 13784.4
5.22609 14002.2
5.22809 14224.2
5.2301 14450.4
5.23211 14680.8
5.23411 14915.6
5.23612 15154.7
5.23813 15398.1
5.24013 15646
5.24214 15898.3
5.24415 16155.1
5.24615 16416.4
5.24816 16682.3
5.25017 16952.7
5.25217 17227.8
5.25418 17507.5
5.25619 17791.9
5.25819 18081.1
5.2602 18375
5.26221 18673.8
5.26421 18977.3
5.26622 19285.8
5.26823 19599.2
5.27023 19917.5
5.27224 20240.8
5.27425 20569.2
5.27625 20902.6
5.27826 21241.1
5.28027 21584.7
5.28227 21933.5
5.28428 22287.5
5.28629 22646.8
5.28829 23011.3
5.2903 23381.1
5.29231 23756.3
5.29431 24136.9
5.29632 24522.9
5.29833 24914.4
5.30033 25311.4
5.30234 25713.9
5.30435 26122
5.30635 26535.6
5.30836 26955
5.31037 27380
5.31237 27810.7
5.31438 28247.2
5.31639 28689.4
5.31839 29137.5
5.3204 29591.5
5.32241 30051.3
5.32441 30517.1
5.32642 30988.8
5.32843 31466.6
5.33043 31950.4
5.33244 32440.3
5.33445 32936.3
5.33645 33438.4
5.33846 33946.8
5.34047 34461.3
5.34247 34982.1
5.34448 35509.3
5.34649 36042.7
5.34849 36582.5
5.3505 37128.8
5.35251 37681.4
5.35452 38240.6
5.35652 38806.3
5.35853 39378.5
5.36054 39957.3
5.36254 40542.8
5.36455 41134.9
5.36656 41733.6
5.36856 42339.2
5.37057 42951.5
5.37258 43570.6
5.37458 44196.6
5.37659 44829.4
5.3786 45469.1
5.3806 46115.8
5.38261 46769.5
5.38462 47430.2
5.38662 48098
5.38863 48772.9
5.39064 49454.9
5.39264 50144.1
5.39465 50840.5
5.39666 51544.1
5.39866 52255
5.40067 52973.3
5.40268 53698.8
5.40468 54431.8
5.40669 55172.2
5.4087 55920.1
5.4107 56675.4
5.41271 57438.3
5.41472 58208.8
5.41672 58986.9
5.41873 59772.6
5.42074 60566
5.42274 61367.1
5.42475 62175.9
5.42676 62992.6
5.42876 63817.1
5.43077 64649.4
5.43278 65489.7
5.43478 66337.8
5.43679 67194
5.4388 68058.1
5.4408 68930.3
5.44281 69810.6
5.44482 70699
5.44682 71595.5
5.44883 72500.3
5.45084 73413.2
5.45284 74334.5
5.45485 75264
5.45686 76201.9
5.45886 77148.1
5.46087 78102.7
5.46288 79065.8
5.46488 80037.4
5.46689 81017.4
5.4689 82006.1
5.4709 83003.3
5.47291 84009.1
5.47492 85023.7
5.47692 86046.9
5.47893 87078.8
5.48094 88119.5
5.48294 89169
5.48495 90227.4
5.48696 91294.7
5.48896 92370.8
5.49097 93455.9
5.49298 94550.1
5.49498 95653.2
5.49699 96765.4
5.499 97886.7
5.501 9539.65
5.50301 9551.52
5.50502 9563.72
5.50702 9576.24
5.50903 9589.09
5.51104 9602.27
5.51304 9615.79
5.51505 9629.64
5.51706 9643.83
5.51906 9658.37
5.52107 9673.26
5.52308 9688.49
5.52508 9704.07
5.52709 9720.02
5.5291 9736.32
5.5311 9752.98
5.53311 9770
5.53512 9787.4
5.53712 9805.17
5.53913 9823.3
5.54114 9841.82
5.54314 9860.72
5.54515 9880
5.54716 9899.66
5.54916 9919.72
5.55117 9940.16
5.55318 9961.01
5.55518 9982.25
5.55719 10003.9
5.5592 10025.9
5.5612 10048.4
5.56321 10071.3
5.56522 10094.5
5.56722 10118.2
5.56923 10142.3
5.57124 10166.9
5.57324 10191.8
5.57525 10217.2
5.57726 10243
5.57926 10269.3
5.58127 10296
5.58328 10323.1
5.58528 10350.7
5.58729 10378.7
5.5893 10407.2
5.5913 10436.1
5.59331 10465.5
5.59532 10495.4
5.59732 10525.7
5.59933 10556.4
5.60134 10587.7
5.60334 10619.4
5.60535 10651.6
5.60736 10684.2
5.60936 10717.4
5.61137 10751
5.61338 10785.1
5.61538 10819.7
5.61739 10854.8
5.6194 10890.4
5.6214 10926.5
5.62341 10963.1
5.62542 11000.2
5.62742 11037.8
5.62943 11075.9
5.63144 11114.5
5.63344 11153.7
5.63545 11193.3
5.63746 11233.5
5.63946 11274.2
5.64147 11315.5
5.64348 11357.2
5.64548 11399.6
5.64749 11442.4
5.6495 11485.8
5.65151 11529.7
5.65351 11574.2
5.65552 11619.2
5.65753 11664.8
5.65953 11710.9
5.66154 11757.6
5.66355 11804.9
5.66555 11852.7
5.66756 11901.1
5.66957 11950.1
5.67157 11999.6
5.67358 12049.8
5.67559 12100.5
5.67759 12151.7
5.6796 12203.6
5.68161 12256.1
5.68361 12309.1
5.68562 12362.8
5.68763 12417
5.68963 12471.9
5.69164 12527.3
5.69365 12583.4
5.69565 12640.1
5.69766 12697.3
5.69967 12755.2
5.70167 12813.8
5.70368 12872.9
5.70569 12932.7
5.70769 12993.1
5.7097 13054.1
5.71171 13115.8
5.71371 13178.1
5.71572 13241.1
5.71773 13304.7
5.71973 13368.9
5.72174 13433.8
5.72375 13499.4
5.72575 13565.6
5.72776 13632.4
5.72977 13700
5.73177 13768.1
5.73378 13837
5.73579 13906.5
5.73779 13976.8
5.7398 14047.6
5.74181 14119.2
5.74381 14191.5
5.74582 14264.4
5.74783 14338
5.74983 14412.3
5.75184 14487.4
5.75385 14563.1
5.75585 14639.5
5.75786 14716.6
5.75987 14794.5
5.76187 14873
5.76388 14952.3
5.76589 15032.2
5.76789 15112.9
5.7699 15194.4
5.77191 15276.5
5.77391 15359.4
5.77592 15443
5.77793 15527.4
5.77993 15612.4
5.78194 15698.3
5.78395 15784.8
5.78595 15872.2
5.78796 15960.2
5.78997 16049.1
5.79197 16138.6
5.79398 16229
5.79599 16320.1
5.79799 16412
5.8 16504.6
