10
5 7321.46 -24466.8 -25224.3 -11841.1
5.11111 1.85704e+06 2.99821e+07 -5.59538e+09 -3.73743e+11
5.22222 -5.20346e+13 -1.18545e+15 6.00155e+16 2.86251e+18
5.33333 2.31082e+19 -5.74234e+20 -2.97172e+22 -4.90461e+23
5.44444 1.65682e+22 1.60958e+24 2.73043e+25 2.35434e+26
5.55556 -5.36691e+24 -4.13866e+26 -6.59473e+27 -5.35956e+28
5.66667 4.10649e+26 9.62266e+28 1.64288e+30 1.38209e+31
5.77778 -1.916e+29 -2.60263e+31 -3.85159e+32 -2.82356e+33
5.88889 5.16564e+31 2.29807e+33 2.73892e+34 1.69746e+35
6 -1.78233e+33 -1.07697e+35 -1.47863e+36 -1.10127e+37
